6762
3275
5105
8734
8483
3190
9240
159
2076
6395
7821
4913
8156
4340
6271
7307
179
4458
6018
8918
2099
1109
6664
344
6494
1039
6948
4479
2556
4630
9496
7303
2155
1019
5755
2961
2466
9785
614
4695
8554
2796
2792
8271
9519
2608
8827
9817
9387
1658
1698
4901
5743
3810
412
9442
3721
4470
4726
4093
998
2422
9262
4368
711
6065
7790
6876
3813
6165
4019
464
4776
2905
8465
3815
6843
1215
1079
5057
7374
5695
4414
2762
3566
940
6270
24
3174
5399
3497
8925
1052
8477
8362
6614
6702
5574
1526
7335
9164
309
6217
4240
3630
5619
2825
7240
7509
1867
7918
8166
8969
1350
2519
7359
9632
568
2517
8020
7713
2866
1763
2981
9652
3208
4578
1379
8400
6320
117
2085
9440
9340
6211
776
5403
4112
1953
2194
3151
6323
4477
8484
6725
8841
4219
7205
2099
6411
9209
672
1446
9036
4601
6098
5514
9680
33
8553
9157
8854
7693
2903
970
9519
5819
6807
9487
8874
7952
4884
6167
6869
9975
3351
272
7783
8949
915
2676
3687
1168
2063
3440
530
398
305
7063
7244
1096
4751
6750
6014
8492
4861
6849
8793
4934
7510
627
9620
4696
4446
92
9260
8876
1982
7209
8611
2124
9636
9402
5505
5576
3971
9244
5961
5847
7722
4869
4866
1875
9398
2298
2750
3235
3201
3343
7780
4152
187
1849
9013
8883
1525
4128
2719
7462
7309
3928
7729
8367
2986
8496
1639
7265
3596
230
8297
257
2207
6651
9599
7038
4783
7594
7270
3526
3169
7416
4578
7403
770
876
9324
6193
2006
2496
7682
3383
7237
6753
848
5255
9567
4590
974
2979
8074
5891
5072
2970
7180
7299
8785
315
2915
1642
8983
4615
7491
9388
1425
5797
8337
5527
4857
2853
4986
8007
1513
2623
7984
8121
1597
320
8483
19
3260
4820
8157
2179
9002
1099
4634
1242
5031
3664
2420
7803
6181
2166
5000
9810
118
3362
8014
6808
1649
9687
4900
7677
8287
6084
6160
1029
1960
3201
3815
6723
5882
245
3725
8275
4064
6069
6231
3319
1143
4938
5125
1143
9333
2784
4953
7861
2698
2753
2446
7689
6481
5833
3104
6829
6705
9520
9583
158
9194
4672
9737
3605
938
7994
3380
2832
8306
3573
7278
1018
2359
7312
5825
730
2585
6876
3033
3521
9538
4519
4924
4915
1656
9691
7521
7312
245
8483
1705
2879
2048
5629
9394
9289
3722
5927
8465
7834
6166
9353
8582
2022
4415
7963
4621
1246
4241
6222
9082
2905
7220
3821
4795
354
863
4910
2025
6115
706
5473
872
8055
5678
7315
4452
5421
1609
3543
8473
8013
3105
2396
1927
2521
1490
474
4789
5681
2215
2915
845
1790
2767
6401
1848
6419
2874
1309
963
5446
1181
4348
5564
893
3732
1041
9565
8653
1563
5411
461
9253
1640
1549
8221
2283
6081
8933
4613
6231
4911
2544
2162
2874
1975
8704
4776
5682
6217
11
9331
2549
539
8704
1829
2398
8544
1407
1827
7754
5924
697
2130
6353
6439
2951
6294
8442
6800
9067
4502
8819
3712
8148
5458
6383
8507
3148
9185
2678
8335
7795
2150
8193
2246
9036
2149
6526
2770
5978
3411
1782
6401
5191
5113
6564
7232
6410
4619
848
713
2932
5663
8698
6438
3084
5505
8830
9388
1914
4056
8917
733
2013
1852
1723
5779
451
3073
3105
1211
4914
9678
1751
7408
7643
8204
9397
9741
8595
8513
4547
6857
2978
4043
8609
679
9149
3925
6833
1344
5399
7794
2372
1285
5012
2999
2842
2106
2850
6142
5997
7603
3158
3492
2518
5336
3004
5463
1352
3728
2166
4025
3625
4105
5308
8808
1876
4044
9251
4574
1362
8052
2643
3194
3161
2400
7961
6385
1677
3250
6772
3527
4472
2464
9012
348
7422
4786
7526
4037
7028
1353
6787
9132
5399
8540
8150
758
2917
2776
1421
6820
8754
9879
1434
7993
1230
3434
1453
2314
432
8500
8288
5559
2032
5217
4300
3734
6840
4143
1804
1084
2254
3357
646
6736
2046
1336
1455
7060
5507
8279
8201
7773
8387
1341
3562
9073
7816
8689
1581
4110
2243
6902
8022
4535
6765
9913
9194
3024
403
1472
849
170
528
9007
4737
2157
5465
1196
9667
8085
1154
4391
8978
4716
2383
9960
8896
645
4863
7185
9530
7575
2997
4140
4929
4370
3113
9018
9683
6814
5695
6113
3387
9089
8643
8454
1330
2156
2401
542
7867
7360
1017
3705
9847
4968
914
3126
4621
7520
1239
4735
1512
7829
8451
1151
665
6573
4697
8417
423
3397
8611
9155
4536
2240
3016
1594
226
5237
4686
5230
132
5557
909
6276
7814
6521
4785
2649
8999
192
8188
5749
3755
756
261
8949
459
4786
3698
1054
5856
2369
5406
9000
7231
1370
7224
2923
4580
9461
3305
6645
7384
4336
9019
3817
3868
8278
3889
5619
6185
3569
1372
478
3661
1542
7911
915
9179
3765
9206
3675
156
1834
7469
4669
526
9814
6513
5654
1124
5326
2138
817
9617
6008
1457
5948
6542
8108
5635
535
5240
201
1798
9115
6854
6489
7719
1410
5125
3637
2033
5150
4746
2960
4695
8099
110
7157
8929
169
5413
8448
7496
4953
3354
7195
1424
6353
5222
1150
7931
7394
2665
5650
8033
4544
797
7779
5490
2305
1854
5291
1556
5998
1911
4647
3721
8508
9234
5650
8738
9132
4300
7393
1500
6967
5356
6654
1604
1285
1277
5919
8519
8466
4921
641
8686
2421
3487
5887
9374
5275
5774
6015
8483
7639
400
2795
7761
3752
8865
8853
6474
4523
2268
5673
8537
9948
2925
8429
8821
9356
2320
521
9634
8939
7986
8870
5215
6560
522
2372
7774
9746
5758
9725
8424
1584
8245
1022
4608
5679
4478
829
9224
3584
5422
7357
8958
1965
7664
6528
165
8850
2140
1361
5683
5438
8170
4093
8961
4615
8278
141
4192
2980
5826
9371
2886
5152
2541
7635
6113
9972
9713
3754
3425
8727
3825
3391
8776
6277
8946
2707
868
3046
2567
3365
9850
7727
2612
5251
4534
2762
3593
5881
906
883
3159
8002
1815
9939
7820
1454
7051
8212
5262
9957
4650
4458
8305
8508
52
7137
6635
1653
7098
9940
8342
3106
2529
803
5015
3397
5284
6891
2555
3470
5682
7432
2847
5396
8132
2066
2384
1585
5459
1393
3540
912
3676
4366
6071
3868
2522
331
6219
5493
1534
7917
2860
9649
9575
9373
3144
9628
7779
2310
4076
218
953
3625
2073
739
3942
2994
9347
8439
5369
7829
308
6136
7729
8733
3934
7391
6890
8519
1207
6346
4780
8230
6287
5357
2061
1643
5586
7370
5779
365
4361
1831
4557
3210
7008
7808
8870
3669
5453
8983
9320
6981
1091
1907
4349
4779
9241
5765
8213
2391
1330
6927
6209
9626
4287
1559
8703
1497
9932
4012
2145
140
8679
474
3954
1450
3855
8070
1457
4681
8108
1021
4463
7500
7807
4023
3453
6158
1846
7198
8077
3168
4512
9295
3865
7040
2138
5088
5731
2720
3682
9323
6822
5509
8715
868
6508
3103
7258
3341
2097
5386
1430
2263
5825
2102
5984
9218
1299
7173
4306
9878
1187
8397
8715
9140
1916
3644
6249
6343
1666
6501
7658
7495
5900
8931
6069
2030
4815
2875
1492
2540
1666
4424
2726
3197
8098
9836
8852
6911
1865
3113
9455
4865
1792
70
4530
8386
8310
1454
8397
3182
1357
334
4099
317
6662
4766
2370
3092
147
5681
4533
8894
6131
12
5361
6489
4234
2980
7604
4910
459
6935
6472
6875
7466
1840
5619
8960
9914
2568
7397
6445
5083
3055
528
1230
9235
4071
8305
8134
3705
9035
2249
8018
9634
8579
984
3915
3294
3486
7232
4177
1515
5773
9076
3716
3490
4636
8407
2225
219
9501
5030
5925
3172
4670
8645
1343
180
2558
3388
9997
7957
3117
2950
1556
6285
7937
9785
8273
1515
7460
8546
2064
4943
6877
317
9659
5744
7469
178
912
8377
109
2853
409
2470
6469
1246
1097
1751
572
8096
7303
9862
3626
9490
8441
27
9783
9299
8521
2443
2196
9016
7633
485
96
1733
8063
7159
2378
2603
7786
2400
5967
1013
5216
7508
5417
358
9126
6116
4962
7657
8717
8819
2048
2776
6001
3790
212
1981
2218
6937
3698
7610
6190
1829
7500
8298
2099
7535
7085
6868
9763
4540
6208
3520
3564
1540
3985
1133
9049
6950
7220
7243
6144
9972
8856
3362
625
2208
9301
8908
8858
8051
7564
5332
4448
2331
1189
5815
941
819
7882
5515
9554
537
2199
6738
5115
2343
9411
2743
924
2309
7639
8880
2429
1071
2309
7642
4350
1242
4362
7102
8958
5370
1639
690
3562
2254
2359
1387
9754
8636
4763
212
4200
1126
1913
3153
2807
6066
1247
8121
479
7346
3880
2224
5310
566
1035
8329
7556
7279
5278
3961
4443
7292
4011
8727
9377
4070
5435
9667
8818
3315
39
243
9659
5299
647
9285
1107
9095
1695
462
8503
3415
2462
8339
8812
5802
1372
8111
5489
8001
7072
6984
8628
2526
4456
9022
4419
5575
4294
6839
7007
6824
3733
3475
838
5785
8308
8460
4344
2503
2620
2790
2936
7098
4590
7630
7298
5346
2241
5357
2741
4106
6115
1884
5116
4089
9192
2500
8510
5693
5910
3442
5309
8955
1793
4084
5228
5167
4465
6577
9785
406
6016
5078
952
8495
2381
2765
285
6976
2067
2916
3269
4371
9816
4858
1565
8900
4960
7456
2338
8640
1181
6530
4734
9249
9771
6237
1919
306
3273
6122
9910
8964
7164
3232
8089
582
7543
9122
4629
5554
7743
9730
6516
5938
205
8982
4141
2016
8874
2597
2250
3946
4071
5386
4116
352
5615
3803
5943
889
378
5277
3651
6402
8061
9685
6715
1207
4622
9286
8202
1349
7376
4233
7944
6797
160
8918
4819
2262
5019
4546
3612
1469
1981
9372
312
7579
1744
7470
6289
4479
5293
5988
9515
9477
2551
1954
7863
6336
2979
49
7823
9723
1976
6163
6496
3650
8958
7942
7519
8931
4900
1304
8925
8128
3948
6603
1861
672
904
561
7767
1150
5476
3542
5168
8255
811
5688
6038
6877
9698
5868
8797
5798
9112
2333
7705
2910
9226
3796
7248
7729
3557
4700
3183
8475
6445
2148
5888
8633
9396
3790
9685
9618
5988
3576
2859
4321
4946
3205
7152
2656
6585
484
5780
1642
6290
4794
9790
1555
4411
5833
203
328
451
5311
7128
2116
2598
8237
5497
2831
366
5107
8167
5795
1066
8831
5066
6767
4292
7208
7186
9471
953
6849
8032
1734
5303
3176
4219
3435
9210
566
8630
6048
4300
945
4143
9987
1282
8446
8909
2339
7785
5880
2624
5414
8962
8316
7504
2516
6421
6777
6038
8623
7253
3350
5916
9462
953
9368
3907
6422
6268
3982
2742
6164
3320
232
7271
4702
1473
1735
5837
7684
6737
4646
737
1753
7094
9775
5254
5494
6654
4661
1577
6631
5571
1347
3712
7040
5433
9476
6739
3427
9538
7906
3200
6358
2686
7282
4752
5074
7919
6585
2107
1796
9101
8133
8349
7211
9948
9285
8625
6199
2161
5243
5796
3040
4942
520
1656
7288
7827
3071
2979
8869
6723
2825
6874
2363
7316
4907
7736
8637
3212
3280
472
3408
4583
1827
1265
7678
5302
4507
5557
9033
981
2819
5918
4912
729
3844
1101
9175
95
2330
1463
7601
7532
9950
8670
9136
9001
7647
4939
5563
6005
817
4892
4658
8394
9971
7724
4382
8988
1381
4150
6687
5706
4100
5514
5355
3395
2698
6284
4665
7208
3754
8964
7084
2221
241
396
1199
5127
9442
283
6110
145
939
1707
141
9669
6932
9615
1266
9891
7396
1261
9429
564
7912
4219
9456
5255
5165
9548
746
6347
6849
9387
1943
5048
7064
5083
9895
1881
4055
8332
1369
9232
9123
5609
1175
9077
2143
6493
2615
1155
6365
4988
2296
7364
1559
914
8226
4331
3652
8242
5455
8958
1104
2617
5154
4437
8180
6216
9409
4610
1889
1890
2827
3514
5421
864
8206
3002
5848
9011
1789
2749
1513
2873
5091
2932
3086
7181
3998
4031
3143
5475
4820
2484
1527
8992
1567
1535
3620
4591
8387
3699
642
4663
5077
3376
6675
1640
3811
9049
2663
9465
2793
890
4721
3425
7766
4166
4341
3434
7946
6476
1145
5401
9514
9561
2598
5012
9229
8859
4591
5888
94
4776
3927
9309
1913
6535
9098
3079
1378
5341
5656
9348
6104
4340
4350
4225
1006
6423
6161
5117
8991
8879
8090
1220
512
156
5746
6480
7046
3279
6578
5653
2207
6323
2610
4318
7809
9402
137
681
4212
9732
5231
459
7416
1880
5480
8674
1717
6469
4045
997
8547
9988
7930
7438
3310
4980
168
9524
1092
5900
5152
1711
8383
5825
4032
5450
3703
143
4239
1179
6218
6841
8827
5368
7414
3849
745
6968
2300
1464
5982
3355
4106
5796
8649
7780
2807
3310
6266
4063
3817
2455
3511
4890
5573
7942
8834
3324
2311
985
1502
1366
9740
9069
4466
3393
2376
9346
1830
9814
5051
4182
4092
9085
6959
5468
7943
3610
6779
4834
4662
9693
2266
6679
426
7372
6056
117
4760
5949
2029
3519
7944
6332
8810
288
3715
3025
9377
2318
6309
7110
210
4505
7118
6080
3232
724
1733
8172
183
6328
6510
8060
202
7061
6264
7910
5676
7302
6497
454
1268
1091
9464
7800
8165
930
4527
4751
9930
9056
2299
3002
5851
3930
946
9731
1408
2153
7317
5701
8254
3390
7357
280
2629
360
7845
5681
4947
9478
5197
8254
9857
6753
9781
1205
6305
6480
671
3570
2438
1117
2707
1199
3162
1138
5979
7265
7843
4792
2800
7851
3536
9568
7948
5456
1958
2041
1763
4613
3776
8334
9064
6363
7910
7507
6483
9898
6902
7516
1238
2591
5142
7810
3854
3867
9847
8024
7023
2051
5256
3053
4063
6169
9083
9171
9682
9665
6987
4384
5548
9982
4233
8920
6024
9878
7748
4498
7113
7813
1959
472
973
231
9653
595
3086
7106
1150
3223
9038
4822
4343
7382
7315
745
5794
8100
9342
9125
8584
2965
2613
7886
9250
8911
7715
8951
9826
1488
919
9689
9907
9877
3882
820
1578
1421
7398
8008
6654
1142
5873
2680
4301
6145
1933
9451
761
4673
9854
6838
3612
8816
6113
9677
6001
6359
130
6250
7021
2128
6664
1257
3703
6688
4308
3536
6262
9450
6187
5984
8216
3692
1921
8537
2559
6302
9260
2333
2224
4384
7794
8418
6935
4625
9009
8119
8263
4240
2221
1348
4973
8217
7627
1320
9601
4010
655
4727
8630
9091
7929
1445
621
2939
5080
9219
3731
3448
9559
218
3094
3597
1416
6077
5203
2123
6202
5918
463
8858
8419
6362
484
1180
8093
5341
1240
3256
3104
9841
5245
2689
6700
1632
5606
8371
5139
5657
5816
3341
3044
9797
4964
3570
6450
451
179
9895
2211
2915
2459
9169
6323
9360
2174
507
1016
9744
1822
3758
7869
7668
4706
699
7400
9261
5847
8490
6235
5965
4938
3805
9890
9072
7348
6112
1811
9121
2991
5728
4008
8071
7334
7632
1183
7451
4273
8526
4008
4462
5126
5254
1691
6784
4960
6537
5084
1661
2501
5819
7207
4441
262
6269
4136
7684
6328
6355
5601
8714
4324
240
7389
6772
5259
1139
1556
2993
629
3315
6409
1688
3082
365
5437
2889
4536
5876
6209
8369
9779
5732
9271
8744
4574
786
5991
9675
7034
8224
9060
7617
805
8239
7235
6372
5022
7974
6381
6197
4715
3606
9637
5505
3628
7947
6579
2392
1617
7124
9684
1495
1472
364
2354
4854
1362
4238
5349
7475
2513
7802
1535
1557
2814
6761
7631
8354
2153
3366
9428
4964
5910
9803
5417
8206
1347
1112
3206
6220
9486
582
5782
7463
7187
1575
4
8755
3233
2479
3847
6471
3709
9806
2211
7714
2443
6864
6974
2134
743
4351
6006
5165
2591
3526
7539
9989
35
3569
7788
6520
8851
3945
8271
857
3587
4961
413
4490
8866
7207
5593
5688
4663
4222
5094
8602
3209
1304
8818
4659
8978
1225
2164
1053
4566
9540
7721
7604
3904
2125
3811
6225
2033
9209
4708
2729
191
3290
5955
4437
7629
7740
8946
6082
5638
9321
621
622
5349
1024
8186
5343
8330
9309
7693
5379
4515
8575
3311
7397
583
2396
5129
9905
2121
7526
9681
3525
2914
9566
297
6967
7383
7685
3354
7467
7731
5230
1372
6704
9186
1476
7969
1888
4979
7916
6761
3490
6183
6287
6259
447
7670
7
2205
6820
8025
2411
1949
9635
141
7530
7777
1482
1221
6274
5131
2933
8884
5208
4943
7299
7697
204
2951
3296
7390
6950
6510
6999
5854
6323
6190
5697
992
2095
3978
7193
7324
5689
8051
1397
4296
1801
2131
4538
2256
3608
235
5112
5990
6267
4609
2672
8379
2430
4771
3586
2033
7252
1629
8596
5436
2285
4089
5415
5530
1727
9576
5960
4389
8281
6483
4406
3376
6373
3037
8432
1196
9108
5398
2720
3503
4580
6646
8954
9856
9597
1818
6427
6552
6269
7611
5879
2328
3074
6755
6152
3633
76
1876
3838
9077
5918
5131
8261
8331
610
6262
5304
6564
6328
5472
4928
1096
6732
5293
4054
8053
9844
7461
7764
6188
1766
3637
6284
9464
8080
749
4622
7448
4451
6535
9310
5965
511
6400
7595
334
2658
9080
1020
679
5970
6302
6042
5204
2193
5276
8528
6657
3632
3146
5144
3359
5305
421
6702
40
6353
488
14
6632
6447
8809
411
7859
9155
9233
6477
1275
1679
3738
6223
8589
1843
8688
6136
5603
5056
7095
2802
1621
6360
8238
1854
686
2592
3413
7549
3624
140
2822
4192
9702
2664
9582
1489
3683
9355
9918
5588
9409
528
9235
453
5662
2344
9227
6471
7864
1338
4430
3819
950
6591
6910
8251
6102
6582
2333
9717
4871
8699
4373
9648
6285
5241
7734
2100
5337
166
8640
9722
3656
1509
4317
2924
2532
5567
2440
768
8431
8128
2581
3635
7936
1361
3147
2530
9450
3962
3772
2166
9686
340
3349
1559
1667
9289
884
6736
5387
9036
501
2021
4395
3766
5494
403
5370
4647
28
6467
4773
827
902
2875
5875
7008
6398
7834
3039
8955
2085
4144
4129
8354
7822
5999
4410
4805
1882
680
2488
8966
6482
5235
3620
2750
1935
1589
2894
7351
6637
3125
2113
4089
7409
3934
8426
1226
7055
8520
5429
4028
7512
7939
182
3802
2890
5451
758
9554
5313
4196
8420
6608
3134
1992
5512
8444
6970
7084
4797
7469
3578
3708
6675
1100
2194
3142
3157
3523
1363
8891
5761
8621
8921
1144
8857
3466
6867
4003
8647
7853
328
8062
3033
4016
1924
533
2731
5391
358
814
9136
4347
7811
6953
4574
8874
3639
7869
4526
8106
5614
2412
3818
5866
1654
5335
429
2277
901
9998
5654
879
1923
3409
1208
6950
9469
7654
7604
3622
7991
447
4230
5219
4028
4645
1857
362
4130
4619
3101
7369
4785
4277
5805
6999
2066
1108
8414
9378
9003
397
3369
8955
1080
6922
8355
6819
7540
589
191
7134
9705
6099
1561
5150
5191
1117
5058
4963
2750
625
7938
6466
7892
8056
3418
2448
331
3310
5981
9216
8259
2638
3847
6699
7263
6754
1218
595
6469
8494
9713
3335
139
1103
522
7426
938
4869
4230
2728
3921
1821
3897
9273
7724
9703
1524
8718
5952
3940
6101
1071
6444
9826
910
9680
4158
5330
8457
1102
2364
534
6372
6193
1759
8701
4092
7841
3385
7154
4849
9163
7939
6502
4122
4288
8213
1831
3273
6386
7996
7974
7323
8991
3103
3021
864
4965
9748
5324
7024
913
1867
834
2344
1937
5104
644
2308
2489
2759
1576
8414
8713
8400
7292
960
5929
8213
4249
6282
4391
2448
733
7283
9541
3809
9310
1580
2431
4587
1469
3595
3287
7783
8238
9768
7492
7074
3402
6107
1658
2451
3348
283
5974
5281
3699
5347
8112
5010
1372
4501
3540
9665
8055
8131
1061
2029
3177
8719
4083
7469
5424
4923
9075
331
9615
5013
976
759
9343
246
6903
3454
2205
4322
6007
1556
4316
8269
2253
4886
8912
9664
4270
3303
8857
9627
5857
3239
4529
2628
1004
8215
2361
1263
1516
4819
6205
4809
7300
1980
6386
8882
8449
8950
4427
2161
9155
5194
2155
6377
2022
7416
8424
7223
3914
2081
1958
4723
9200
5578
9323
9448
7254
6431
397
2957
4341
9023
5030
494
643
4395
8234
5955
5310
2718
5674
203
5705
8918
8936
4407
8895
3340
7477
1124
3188
5608
2191
1212
9773
3674
9094
6131
6231
4844
6525
5133
2687
7854
6682
7779
6598
9463
3833
3779
9248
2138
3732
1071
8236
2973
1674
3039
9316
3135
5396
2926
5167
1333
8548
5533
7587
9734
3839
2403
1492
246
1008
1339
6870
6410
1406
3185
6721
9205
6512
2580
1976
6076
1964
7322
7799
1699
4524
1768
2876
7373
3197
4543
8348
9373
3102
3143
4060
6730
8401
3069
8232
8332
3773
7237
830
2393
4639
6878
3851
4834
9592
1850
5474
2642
9458
9356
7562
6288
3641
6050
9148
5033
2028
6607
4836
2398
4850
5395
1649
8827
390
6585
9726
9953
8045
624
3631
7922
7962
5887
4492
6782
612
2371
3041
350
7266
5280
2323
9324
8146
1107
1189
4354
4382
1125
9794
5333
1846
7973
6491
3181
5765
9446
8173
7913
9314
3262
2610
4957
1272
190
7613
2241
2078
5169
8886
1503
6070
370
1268
3097
1611
3417
1347
5269
1858
6493
8456
8206
7344
9212
4676
8713
9926
6673
6544
6571
7813
299
1673
8811
1632
1448
8629
5519
7562
5243
3534
3448
7799
983
357
7918
2979
3421
1651
9428
5042
2093
6089
3885
7349
3369
1528
7922
20
5299
3572
987
2700
2433
4613
7358
2154
5419
4383
9934
3773
4053
9338
2786
1055
7813
1103
5834
1872
4097
9131
3878
3995
5026
125
725
3917
8198
2250
2235
8889
3426
2321
1924
1620
703
3195
1776
4031
63
7761
1607
9339
8872
9652
3235
4159
9410
7722
3291
7155
4464
2929
3538
1727
214
6660
5982
515
8653
6505
9647
7265
6356
3756
5933
6741
9025
6181
6217
8095
1621
4704
6783
7663
7390
6401
5320
2698
9467
9222
1570
7859
9238
3857
6189
8226
499
3601
6726
7759
1262
6742
6709
855
4741
6505
3149
8403
2448
1904
3694
8561
4499
4374
3527
4885
674
5969
8
8469
3569
1503
9940
8448
9215
2198
2040
3723
8945
9525
227
6426
8286
9131
6136
4330
1803
3909
8789
8725
7531
2829
8027
8833
6874
8067
2139
1587
8980
6700
671
8170
9672
9687
8434
8513
2756
4300
757
1003
9579
9454
5345
7909
4537
9726
1606
8037
5222
9461
1612
1080
742
208
8575
8953
3365
7398
9050
3816
6900
4868
6893
1795
7533
6299
7961
9849
3148
2813
3034
3167
5447
8691
4635
2281
9720
5261
4907
1508
2235
3462
2655
3460
344
5821
3361
5001
9535
1261
8369
9519
7073
525
6747
1375
6999
7622
806
6818
5460
2825
5414
4301
6040
3012
4960
435
8824
8371
8587
4007
7953
2784
5692
1809
7725
9307
1039
39
7713
3162
2210
8364
97
4249
2731
8705
8798
1215
864
2508
463
6318
5796
9884
786
8868
9759
7005
7778
9140
6690
4866
8535
2738
9276
247
7301
9305
5268
1022
882
3181
2079
572
3162
7976
1668
3074
5711
2930
2183
9576
180
118
3911
6565
643
3391
6938
3762
6096
399
6167
9947
5896
3123
2274
5315
462
9636
2015
588
8609
5718
6538
5653
2953
2646
734
2699
2360
1634
751
750
7643
7259
4128
7748
2823
2041
9071
7048
1809
4544
2808
1145
829
3292
9393
2025
9268
5361
287
6232
352
5357
7985
6282
2248
5390
9934
8998
3780
4272
5128
1535
8187
207
967
2114
5671
2268
6506
6611
209
7561
2628
9558
2126
5792
4803
4179
5365
9257
4667
9812
5193
3877
336
3146
2807
6636
5413
8801
6828
5609
6978
8775
1657
4734
4617
6134
2650
9702
1355
7211
8583
3454
9440
5026
2385
9990
8488
6970
3817
4784
8441
1891
3330
1576
8684
4328
8409
7792
4552
7332
5349
137
9459
5631
5383
5227
7798
4263
7857
7003
8811
8072
6633
5376
9962
5019
3062
8640
8604
9640
1980
2040
2255
7007
8125
3241
4045
6764
3009
5782
2572
9619
7110
479
3362
5499
9161
1990
2983
4637
2972
8508
850
3130
6404
4146
929
1847
5216
6015
3844
7846
8984
4670
5936
3768
6770
2521
7713
9904
7916
7836
4330
7698
3213
9781
7218
1090
9338
7100
8046
5947
4438
5429
2767
5365
6528
3879
8213
8438
4867
9212
6773
3348
4812
7839
4511
3844
4537
1898
1063
931
6899
8727
4379
9068
2349
4384
5907
4232
6725
9962
9243
5363
3737
2770
3321
2943
9991
2945
4711
7576
5196
9601
8332
4327
4499
3464
7725
3845
1624
6036
9771
5131
6679
9221
9256
292
2209
7684
1603
4993
956
5163
5433
2492
5295
4552
3648
7269
9158
746
9811
632
3097
7707
4145
1920
2840
4609
470
1346
956
4612
5006
4702
2059
1819
16
8154
7577
6845
3352
6629
1646
9077
137
2858
5632
5787
4282
1739
8440
5139
8853
5606
2210
6572
8888
9174
9845
8189
799
312
3986
825
6217
8632
6598
2254
951
129
412
2547
1754
7175
1863
193
6438
9404
8365
7545
4562
418
313
9266
8786
2000
6319
3838
6806
2998
362
8780
7923
9047
6237
3251
5326
9530
6955
3457
6566
8053
7188
5855
8386
6837
661
7721
1786
3430
3955
7381
504
1920
5237
7457
7423
4541
1797
3626
7486
8361
517
1005
7952
7667
923
2943
4257
1580
4508
3321
3262
4349
2624
5954
7678
3292
2609
5959
1410
700
7368
875
5984
4656
8722
4541
2715
8525
9530
5543
7741
6460
7861
6402
1275
6175
353
4313
2448
1171
4107
7322
5856
9808
4209
4069
8449
1813
1572
4114
2907
1050
2256
1438
8750
9754
3656
4246
9458
3195
2771
936
1563
8384
8147
276
6560
1006
4476
80
82
9064
8838
3733
7040
7349
7753
1209
6238
8292
3248
4697
322
2299
9944
1312
8487
5131
3186
8371
6241
9818
802
439
2635
9273
6887
905
9208
9902
2526
5210
7253
1367
88
7476
6239
6889
2328
2488
8597
7762
6319
8097
928
717
3360
8693
4066
3052
5014
7435
4589
5422
4306
1248
7679
9854
7830
2756
3854
2149
5995
9473
5786
6878
8247
471
4376
7395
9032
7141
7855
1626
97
6762
3845
2514
4351
9678
5812
669
6385
8575
380
8623
9808
376
8080
3030
9533
6966
6635
4175
4366
1323
1330
8232
1340
9136
2668
6843
7392
9714
9486
7101
957
5121
6399
9955
1726
4736
619
3979
6120
8215
1905
3375
2317
7715
2294
7328
2024
2702
5978
2075
8017
5464
3363
2618
3743
1655
5563
3104
1486
7105
8207
50
6675
6882
3183
3127
2391
1205
2173
4812
8059
1047
4487
3196
3215
7908
467
834
4464
8133
5390
2969
4344
4194
1374
3913
3187
9232
4751
4516
4925
3816
5092
7622
2835
7693
757
7926
2671
6402
9318
8282
9303
3148
8613
7915
8713
8081
6187
379
6289
5428
9898
1365
152
761
7015
6959
1955
3785
9600
639
6631
2478
7310
6064
4995
3227
9214
6826
5790
4762
2835
7198
5953
6955
6806
8726
1542
452
5736
762
9057
3974
5773
179
1160
2204
4943
6457
7576
2358
7880
5428
5474
6151
9806
4585
2123
3245
5136
9524
1115
3085
6316
2263
8936
5218
3384
5469
6551
4031
7135
8375
9829
7496
3871
6283
3
3943
646
1765
2946
5576
4510
2676
7298
3431
8395
8746
4123
4169
7834
9146
4452
6359
7042
3348
7153
8652
9770
8945
1697
3922
6647
4787
6791
4968
3192
1378
6899
6271
6211
2178
8261
9733
9308
7255
8271
5622
1128
3530
2486
9280
8638
9629
4374
3956
8079
605
5890
466
4933
3150
6222
4869
607
4844
1748
3084
6817
3371
7160
1385
7117
4036
4050
3875
1843
78
3203
6123
6141
7945
4176
7260
385
1269
3169
3791
6382
1098
7284
5358
3812
1469
8454
9504
7305
8307
4171
7260
4474
8561
229
9405
3948
4176
2744
6226
7385
4761
7366
6131
188
9752
7061
7689
8873
5636
1683
126
7325
4830
3302
7495
8632
3716
6704
8386
7813
5176
1132
6253
8048
2509
2574
1977
2382
9319
2005
9443
3897
3407
4485
3639
4708
1029
1783
4733
2602
1329
4658
1962
7503
7600
5074
7480
8218
1237
7654
9247
8665
9867
212
9510
4566
4382
2921
2215
9943
3645
1885
1097
3785
2992
9650
6322
6544
9748
9799
8755
5464
8460
5260
1175
4840
1444
3381
4757
9217
7468
529
4712
5204
9696
3184
2942
1160
5705
8773
8809
9043
6244
8814
6951
7457
7688
3678
2162
7560
592
3638
7824
1456
7988
9796
8954
4236
2594
6468
4026
2768
0
9100
2483
2460
758
2082
2936
2116
5396
414
7994
7254
6162
6328
8046
7239
3251
6729
2065
6349
1747
3135
5120
6221
9572
7383
1172
3104
3282
3508
797
228
3639
1075
7340
7084
765
322
9754
7958
1921
948
8833
8022
3513
6777
8983
9221
1561
3215
2988
6891
3236
1994
8051
2157
6507
2689
8365
824
1869
1144
6351
949
8626
7553
9611
6511
392
2173
6050
4576
6176
4616
1679
3711
948
4771
7931
6373
6226
220
684
9436
9242
7476
9024
182
4704
5698
4495
2249
6009
4410
8033
4194
3943
8315
9284
5236
2950
3709
7101
9912
1314
5570
8388
9336
6342
4520
8191
8260
9161
3199
9461
1345
5842
623
3758
8850
6318
9750
7333
7717
5461
7550
7840
6013
6780
3625
1673
983
9129
5032
1673
844
9540
8657
7121
1104
8052
5165
696
4225
1321
7121
8870
3818
353
7301
7521
9989
6185
4729
28
7417
4625
2150
6789
3028
8619
3699
6285
8940
5489
6681
8432
4937
6876
6954
5540
8881
8300
1736
6419
2769
6529
2872
4866
5117
9017
7883
4159
6113
865
4386
6276
3036
120
274
2052
2106
2141
9845
3643
6464
9468
4025
638
1120
7132
1764
7169
9832
1480
2038
2217
831
9476
1328
9230
8724
4035
1261
3213
1110
408
9398
5138
729
7228
246
1857
2635
6208
3941
319
7654
1589
8126
9670
5609
4339
8482
5652
9469
1113
