4085
5513
7578
3281
7750
4303
6570
5662
7614
8851
2741
2473
484
348
9477
2050
1373
5592
5237
1122
6679
7954
3869
5607
9975
4918
6156
3226
2258
3435
1616
6180
8840
1118
5594
3602
1824
9937
1264
3493
5042
9114
2391
1294
5643
4393
981
6188
7651
3724
644
2618
9571
7794
9319
4061
8963
5067
8629
3151
2997
4001
8699
6781
1678
3554
6154
3190
9490
7188
9615
4865
6648
9095
9971
3231
7624
5618
8699
8550
9324
3228
5592
9988
6828
286
9717
231
4499
1310
8344
2309
3607
8092
5288
4721
1771
7767
713
1700
6409
5384
3346
3220
165
8003
7081
1245
8387
628
6136
8003
110
2158
5592
6292
6353
7368
6707
4175
2520
6500
223
9075
9341
1335
8941
5974
9363
1376
4450
3460
4716
6839
4694
1763
6640
5380
8096
7733
4957
2249
7907
4791
7162
3707
9821
3147
7028
6951
100
9835
1652
4582
4618
7299
8629
6862
6059
2526
2184
1161
5455
925
4075
8079
4781
5697
443
8709
1961
5865
4327
9234
792
455
6091
8729
4890
1091
8833
251
1729
4657
6899
1414
1179
2700
7305
6891
8411
9556
9939
9639
3825
5106
4478
1974
3869
7449
3481
8722
7156
34
4925
1732
9743
9370
1237
6257
9295
3867
2371
1348
2934
3188
1300
5696
8087
9491
7045
2695
2105
9182
2001
2962
2254
5233
1246
5901
319
6989
7005
3261
6381
854
8322
3393
1384
3868
8755
3019
1195
3883
4250
544
3294
7918
6862
7
3014
331
405
2746
3323
7549
8506
1915
5357
6334
3671
339
7890
1381
9229
3363
6205
5178
5991
4167
6447
1434
9749
6890
9015
3
1283
765
1093
1061
8206
2538
9384
5084
12
9431
4300
5456
3791
897
1160
9173
9989
7966
402
3889
5259
6924
9438
7449
9293
8174
9006
2921
6727
8225
9256
3254
6210
2073
1720
4626
1689
2508
4728
9870
745
8557
2840
4876
9248
5944
5306
9431
6681
8535
2066
9688
1524
3615
4470
5058
7238
6723
1788
9526
1147
9746
2314
974
1120
2038
8428
8809
4975
6203
5416
8163
6027
9660
7910
2364
4804
3349
5600
9053
9407
4670
2857
9175
6155
9720
2450
806
4403
7635
3652
5753
6716
7525
3247
2280
2699
7737
5008
9162
8188
2656
4039
9150
4350
1723
2661
1528
4789
8060
1183
7074
6537
7860
9585
5522
501
4986
8564
7299
9875
8885
6429
7424
1637
2518
69
7928
6013
9666
9345
6184
7962
3992
9570
6494
908
380
3234
292
5650
7019
3791
4191
5944
3761
7167
9215
4982
2927
2895
6400
3956
3680
6949
758
3437
1243
6737
2568
5639
892
1293
9750
6913
4370
9231
6596
5339
822
4300
6352
7915
9991
163
2058
8395
9562
9411
5819
2677
2499
855
2441
2692
8693
4069
8221
5552
5015
4327
698
7405
405
3978
319
7311
7501
5608
9458
4331
9315
537
9108
7107
9748
6894
1826
3847
8136
9317
1221
1122
4763
9763
2929
6828
6146
9299
3789
4811
6904
561
1307
6371
5637
1923
9980
5200
2097
9304
2705
2222
8409
2452
593
117
7804
1040
4533
8613
9776
1027
2518
3339
1591
3037
7656
1547
1259
4121
815
9129
1520
9016
2101
9713
2023
1406
749
2518
4892
5409
540
8492
2462
8826
6773
2948
7580
1804
4648
6663
6764
8822
6244
1103
1203
8180
6825
9429
8484
7380
4290
1798
9101
1819
8516
318
2180
3604
1877
7041
5130
8477
5463
8685
2395
824
225
980
946
7002
5723
584
7623
6828
6555
4287
2312
8829
7869
4365
2757
9640
6457
609
3327
5283
180
107
2373
8766
7001
8019
2564
7233
9220
35
8780
1745
4409
3016
1937
2185
5892
4239
8719
1209
5334
5046
2745
2172
8492
3943
4672
4148
3128
3540
1996
5888
5007
7361
5514
940
8960
1011
3940
4706
7540
181
5552
9835
7651
2779
3170
6798
2126
6499
3130
478
1345
2691
8154
4946
1526
765
9065
2032
4022
5484
3803
432
7697
1895
6843
1000
9755
4333
8538
7154
75
6736
8543
3226
8406
5971
189
8180
1860
4410
7608
3610
4076
7845
2595
5122
3787
7459
3878
9620
5656
3080
8589
2870
4008
7943
7251
438
8351
9043
4588
7852
828
2947
1322
9290
9095
4088
6007
568
6779
9668
5380
6500
3242
6348
8
4298
7177
514
7035
6301
4281
3376
7261
8917
9752
4713
4026
2351
7619
6836
111
9544
3358
6235
4929
7493
3360
5030
5247
5182
1427
9714
1224
3695
6565
8179
7173
2633
5609
4822
6029
7704
7988
2105
3770
3549
8493
1232
2761
6368
4203
8203
5074
5087
8293
9120
2503
5665
8010
1749
6159
6683
4660
4692
3611
2923
4107
3058
4402
1850
1273
6084
6712
5071
822
791
7090
4774
9201
3278
2227
2034
2520
8706
3694
184
584
183
9605
4544
4017
6305
2208
8877
5065
8919
5448
1656
5306
7800
4981
2236
9751
2556
1037
9423
8907
7325
3787
8032
812
357
4838
7620
6727
913
6464
9963
289
5904
5525
1965
6864
9264
7083
2273
7331
3958
669
3468
7574
9126
4737
1309
6506
988
2126
8635
9860
5252
415
5470
7200
6747
3020
5663
7928
637
2368
7223
276
7203
9708
9842
5432
3476
9576
5416
3623
3439
6027
8647
4577
9327
5358
3898
8673
2586
3748
900
5418
9062
6994
1125
7952
3785
9644
6786
8246
9507
1845
7172
8252
1384
4337
8342
9686
6884
8483
7202
5298
4734
6656
3226
142
7692
3287
6657
6407
5651
4778
4728
312
6887
9848
2885
1597
9386
8424
1961
8164
9366
8425
6620
2117
2207
8168
5131
1523
713
2961
4794
4609
9503
7162
7168
4276
1693
8118
699
9216
7598
1077
1684
9704
7275
146
3649
5415
3971
3584
7835
5385
8395
1882
1005
1933
310
3385
1289
5585
6215
3640
2583
172
2042
3169
7032
7580
2909
8708
7920
6395
1931
8474
5002
349
2581
8046
8940
299
8184
8825
5310
8049
3421
8678
1404
7083
8185
5811
8862
1323
1130
461
1154
7994
5373
2457
1113
2306
6721
6873
5904
6263
4974
128
8221
7411
5492
6297
2701
9318
6010
7674
6119
7575
7141
3842
2772
8262
4557
455
5318
3171
6977
2753
2488
911
7242
120
9900
9761
1738
8082
8114
6309
8676
50
3680
4457
2791
5363
8575
5896
225
8369
6279
6305
170
9046
1225
858
5412
3481
6434
5630
7696
9213
9138
2895
4440
1391
1767
9248
8550
5976
5950
236
2327
5488
7043
8883
8377
7657
8061
5835
4397
4523
6146
6476
4155
9120
5607
792
8850
9953
896
8109
8781
3708
2280
5778
1848
2558
3174
411
8926
5372
3338
5936
1307
3624
1163
2519
7018
8770
4695
6661
4377
5000
3006
6764
9757
566
1335
8874
3738
9761
6479
1155
468
793
3324
6994
8953
6811
1880
1150
9878
6105
7153
2799
9623
927
6937
5709
5793
2395
4576
5210
2086
3646
7048
2541
1626
9548
7487
3000
3101
1590
7186
4226
1444
2213
8406
8815
1787
2453
6918
9692
1610
4252
9500
2900
576
7912
3337
4991
2065
1074
6354
5520
2609
509
8037
8473
4874
7724
7050
8676
6324
9536
294
4319
423
4268
7791
7894
3134
2538
6288
4306
1987
4463
9773
907
7514
8477
4393
1443
9355
198
4658
8450
8469
8554
1020
534
705
5199
5674
6109
3746
6948
1910
3612
1062
1770
1997
1689
2133
7431
2030
6701
505
8658
6405
9882
2942
3547
6528
295
8598
557
3214
8552
3931
2701
3937
635
4467
527
9600
9388
6470
8392
2581
9341
2171
2318
3656
6705
8359
2716
2216
8517
6851
8905
8599
3171
860
8803
1881
1594
7717
4097
6773
1950
4322
4194
2008
8360
5885
7990
9820
3832
9249
4019
9321
1409
3662
8904
4406
7463
3776
757
7407
8006
2130
9602
2038
1604
6671
9942
8903
3390
3215
9841
3467
1521
248
2144
4231
1253
4629
3826
6443
7436
7283
1008
3776
825
4452
4645
1573
3678
8435
1860
8815
8965
1267
4925
7188
8221
3275
4667
9175
1333
4254
3702
4046
4408
6243
6694
5437
1998
4978
4740
8710
9403
7720
9513
758
6730
7376
4063
5233
8744
7722
6241
1676
1908
8555
613
5609
6887
3449
9713
9788
5090
9556
1151
4750
3424
7345
9111
8499
8397
235
6066
2561
292
2425
6538
2982
1903
1518
3993
441
3418
393
3609
4207
9824
4550
3034
3660
3699
849
3197
4140
750
1137
3540
7651
2963
9934
8425
6539
2414
2326
4395
3439
1673
519
7183
7070
5562
916
3450
4078
6678
4871
7256
4183
5308
1931
3867
1457
9451
8207
6622
5366
5057
8052
2382
1570
5042
4335
9585
212
4056
6348
1842
652
7753
6675
6074
5564
3754
7316
3468
6876
4960
1757
8462
1017
7653
2217
1906
7221
3772
8533
6023
4723
168
6969
6601
1340
2664
8120
5604
3798
8593
1211
2215
891
179
904
3412
4550
1319
5222
8626
2840
1870
2609
4297
8733
6306
2055
2880
1049
970
8647
8072
4589
1345
7090
4012
4405
2070
9532
7101
9079
1218
430
852
4469
4650
6300
854
6897
525
7690
8285
2199
7429
9571
7415
1275
6117
489
7728
3958
9726
1782
9712
7460
4793
3484
7742
4168
7573
7837
3892
4523
2842
2799
2523
2086
7605
2921
9234
6762
2392
6210
2659
2597
9613
117
4206
7743
4530
9299
2032
1788
8493
3655
1401
9991
8914
280
2883
9896
6955
9697
3095
7900
6132
7548
4413
8503
9015
9255
762
9046
909
333
724
446
4095
4665
9692
7893
5310
8659
8186
5923
9056
4358
2182
8709
6468
1653
3457
2635
3090
1343
3784
6288
4623
9462
7476
7064
3549
2022
9686
7501
3124
7915
6988
2338
3039
2565
622
1420
4978
3557
4178
2105
3191
6514
1932
3359
9052
7922
2660
8284
9632
6604
1306
8152
2045
3283
2431
7670
8460
9348
4671
8282
2276
8661
3881
7398
7889
2718
6090
4315
7428
9684
7597
1403
5159
1845
4467
2204
4294
8483
2347
5853
9851
338
136
6470
1681
7822
631
4533
2011
4237
4954
9122
9904
6655
9588
2396
3322
7164
5784
5262
4509
6109
5425
8910
5044
4055
5434
8622
8601
2737
9549
6542
5882
5474
3331
3143
6085
3372
3996
9797
4078
3761
72
6519
3801
6561
6460
8981
7434
1597
1928
8563
8958
7275
3929
9699
1463
1808
6714
6834
4172
642
3631
2231
9284
8716
3696
6268
4671
2187
164
1000
2099
3466
8740
7866
2680
4138
1501
4074
5101
448
4970
404
2947
6447
6874
1098
4269
4547
3086
8835
6646
1966
2976
2838
1580
7811
4342
8866
3616
6104
3426
2919
6062
1475
8818
7649
5482
5581
1725
590
8504
9050
5516
9360
1898
4791
4121
8610
9955
3982
5677
8771
7005
6840
2646
7314
4639
8079
5933
6532
7521
7644
1406
7058
17
6845
55
653
5893
8940
8480
7575
7285
2415
8302
8588
2656
7342
7590
1907
9066
1212
1472
9619
8469
5601
8775
4834
1451
3022
2090
348
7794
9939
8180
3219
5607
1910
9211
4929
1419
664
9852
8771
8055
4333
180
8419
7713
5221
8530
5785
6783
3711
2776
6571
6162
7924
8930
1605
7859
3968
5959
7260
1329
4999
3120
3860
4290
7986
784
6597
9567
4890
8025
8136
8455
9450
3097
9851
8892
6202
6496
2114
9751
5223
6968
3584
2436
3162
5702
8413
4863
3447
5656
2612
4952
8825
3188
272
4912
3284
648
5767
1446
3769
6259
1246
4376
77
5416
1885
4921
2941
7638
7062
6568
4714
9789
302
6004
2036
63
8378
9716
4202
7492
971
7848
9173
222
4102
784
4854
347
1181
8502
8890
3466
1979
7221
5951
1452
2840
8805
1937
1191
1625
4680
858
118
2718
5397
4659
4723
3609
3284
4715
4997
7225
9039
5659
714
5764
3459
1716
7951
3476
6264
1876
9509
3052
396
5382
8166
1847
7051
1823
4063
4597
3854
8927
8855
6706
6580
1503
1681
5755
3259
9567
6018
2548
4696
4218
44
6717
322
5296
9867
2783
6721
2381
6579
6970
6243
1398
6171
4937
6479
8340
9963
6266
2092
9040
6531
5099
5752
8624
5260
2846
3728
802
7906
3123
9796
3494
45
5073
4834
6587
4019
267
5115
2212
4024
5618
8578
8640
1427
485
1335
9169
3605
4111
8689
6805
5331
7789
6399
4107
719
6609
6531
1655
9992
181
8501
7983
7306
962
1369
1259
9452
114
1369
1639
3859
6892
3819
8081
5377
9834
8059
7867
6945
3347
2055
9111
6658
6866
3649
5921
8420
7036
9389
6931
5718
8145
2207
5099
6042
7788
6670
5174
4976
5181
5721
6656
7731
662
8483
6403
116
9737
8526
9317
9854
9908
3662
8851
9467
946
2243
8566
5214
5546
7446
3843
265
2855
6341
9293
737
7861
991
5251
1450
6608
2659
4848
1304
886
1128
4899
1348
5777
5662
2311
7902
2904
7685
8859
9677
9923
7802
5949
3308
3504
9050
1260
249
3381
416
4322
5224
7887
547
7524
1254
380
5304
8671
1318
8850
7821
8111
5301
5274
5753
4273
4666
2354
9511
6053
9434
3106
3026
9724
4199
3505
3409
8939
3121
1657
4648
7373
3263
9989
1188
61
6670
9560
1424
4151
5407
1775
9217
418
36
1691
8001
8365
3638
7609
8303
9216
884
2777
1141
8690
9902
8951
8827
705
9358
7340
7262
7315
2319
2291
6780
6908
8777
6729
2624
1609
9011
9607
5072
3925
1326
3094
4359
9299
5227
3640
5057
2021
1075
3290
8485
8256
8991
6985
5825
6277
415
1520
7133
1992
4793
9469
1081
74
35
3505
8004
9297
1088
6153
5777
3651
2250
2681
2029
8916
1305
1099
2700
1612
196
5573
1349
3778
3231
7568
6671
2977
2770
3679
1177
5059
1074
3492
9254
6002
1091
5720
5674
5588
5336
5621
6449
4504
9074
3119
5649
6625
271
9422
1487
8310
9860
5195
6585
3500
2734
5460
367
6535
3236
3973
7531
1104
1587
609
6300
8975
700
9088
4171
2961
6748
3792
7939
204
8365
370
583
9541
4265
4525
9049
2513
3532
9612
2041
9712
8305
265
474
2679
7294
182
1625
870
4952
1000
7715
2170
600
8148
6915
2716
2979
6762
803
7899
6987
7334
1708
8149
3320
5208
5460
1096
3880
1263
9626
9912
9133
8838
2283
2144
5375
1621
3088
5500
8605
9864
7950
6328
9545
2036
9442
166
1755
7905
8510
4458
5227
8754
3845
3695
9646
5027
8834
4173
7334
5456
2607
2633
7953
5052
1439
9764
5393
2797
7764
5439
3808
2827
789
7775
6972
3370
3415
2355
1282
5065
6030
5049
7092
8563
5514
1900
6443
6302
5769
2536
3726
7174
1271
9569
1709
4076
38
5891
6751
9821
2370
9832
7100
1956
6134
737
6838
6971
2693
8909
4541
878
906
2227
3560
2251
1037
3461
7185
9295
2041
7365
262
2894
3485
6012
8863
7432
6046
2125
2010
4578
7259
5523
7241
6227
9259
9238
3076
8522
13
183
9134
7334
3307
8794
409
7535
8884
2635
8918
9382
2541
9425
1973
7769
5726
8637
4852
2328
4778
1813
5608
4592
5133
3951
4030
7035
8742
5769
5248
8896
3219
6830
8470
3448
2596
9142
9375
3852
4040
2908
9519
9202
579
7328
1717
2253
6770
6804
6812
6132
647
1717
4889
7289
2784
3409
4605
8867
8523
1262
9191
4864
3223
1058
4923
5046
3935
7299
9507
190
6444
584
9415
4408
8907
1462
5620
3990
2182
5738
8970
2446
9692
1493
5897
753
5704
9760
6526
502
4600
1080
6446
1223
3730
2245
8561
8116
5089
9359
1816
8135
3764
8950
3963
9351
6379
9287
6814
9305
9268
5180
6635
6083
754
9866
7328
7557
9227
3080
9603
2250
8697
8388
1731
9139
3278
4898
8049
2564
7040
6410
9823
3354
4740
1995
1159
396
9031
3662
3108
176
6179
8910
8397
6529
6867
4385
64
1035
218
7908
4592
9281
234
3124
5102
5704
6122
6044
7765
6920
1755
6196
2641
7054
6133
5550
3754
1796
7753
9601
7362
6500
4138
4056
5841
4474
7632
930
1559
2138
6592
5896
5301
8618
5139
2096
1700
3445
8294
9750
2686
4318
9788
1928
6500
1699
6530
3934
2537
5877
143
2558
2134
413
7429
6280
1136
8309
9725
7161
4433
6226
3131
1877
9173
6285
4778
855
1999
1082
3309
8933
6886
2236
7331
422
3570
4283
72
8790
1835
6443
7306
2058
9157
234
1373
7422
2535
4911
5695
7811
320
5696
1881
8174
7292
7686
481
6140
435
4713
9533
2538
343
9107
6231
1069
8459
2084
9636
4697
2757
6706
765
1377
4132
9915
9572
862
8013
5824
16
1366
6205
6018
7023
8971
6712
238
8447
3268
4428
1979
1768
2216
6078
1796
2899
4261
9914
1843
6237
2834
3390
879
8429
335
1925
2714
7611
4143
5903
8189
2687
1912
9100
506
8415
6063
3490
6278
3339
4476
2345
7967
6443
316
9457
8620
6658
4904
5540
2360
2131
6322
8971
8200
9896
3734
5335
293
2710
5227
4385
1126
9026
934
6296
1561
5189
5039
5668
1687
8643
1035
3356
9462
6242
5430
2037
9628
3386
2452
3593
6417
8711
9305
8790
5177
2255
9340
6215
5621
6839
7715
9635
9163
6142
6955
95
3164
7973
8708
2549
4124
1950
1293
6440
5137
7242
6687
8587
2868
267
4906
8351
6065
5118
1057
5454
9336
5246
9120
1217
5109
214
4256
5746
5742
6307
9667
4004
1129
2235
75
5861
7898
4365
6766
2017
5152
143
6071
6483
3877
7917
9196
3674
1340
9902
9957
936
3474
7792
282
4246
9327
4330
9564
6084
8892
573
1722
8095
5974
9628
9010
2629
1142
7454
2499
8332
1621
8524
3632
2970
1207
968
1946
1266
1695
6811
6981
2114
6458
7839
4063
7937
1881
3788
3136
1597
4788
3939
6561
2162
7543
675
9646
5964
5938
4902
104
315
2935
9400
5352
5540
4516
1123
6167
7444
5458
9699
8496
8306
713
4598
5102
2593
644
2840
3367
4160
8032
668
119
2665
5681
5747
1005
723
6193
386
1239
1300
4020
2926
4891
5384
6077
3525
3015
3470
3172
2380
4895
4003
881
206
3324
223
2844
7685
5928
269
9590
3322
4948
2641
8754
2754
3891
8396
9421
537
8405
4211
8694
7757
8242
3259
47
5373
7318
9821
3579
6865
3283
5065
7748
2495
5329
6324
8233
3725
4889
8007
7866
9034
107
4569
4091
8728
4024
2991
8217
8225
4068
4581
4727
1236
6172
1952
6620
8595
4268
8591
2685
950
879
3471
9420
1350
3821
1346
1003
5218
2676
2675
1224
4154
9954
4946
5192
3097
7040
8823
3014
9968
2255
9464
3700
2013
7846
2732
6592
5965
6367
3885
4546
7512
6676
928
9426
1707
9459
7192
4947
8699
8642
1476
5006
3298
8929
819
4267
8612
6925
97
9787
9744
1642
2411
8631
3600
4942
9962
271
8770
9203
4377
9419
9028
89
4934
1865
5366
4048
8687
4371
6273
9787
4611
5482
3811
5510
6872
4670
9652
333
4965
4909
6271
9578
7605
6279
1775
9828
2077
468
1919
3331
2892
454
8321
1600
5233
8654
1551
9447
4310
9532
4779
738
2462
2555
9779
5396
519
8452
6954
4204
7493
1229
6084
7718
1121
8417
596
4164
5585
4837
9823
318
9556
3108
7600
4232
7811
5294
8017
5284
4182
6142
6382
2504
1647
4374
9957
6700
5956
4352
6509
943
7169
7438
6696
6178
8068
9811
3224
7525
8826
5237
1995
9528
5620
3746
8665
3668
4678
5610
1529
840
8510
2620
2908
4316
4347
3861
2140
9145
7991
823
7809
6798
1878
9552
8324
4231
3619
8135
2928
6351
8002
8845
1862
4452
8222
8218
4358
6397
8598
9867
7800
8799
8574
703
8277
3896
7866
7119
1729
9594
7333
1622
4777
6269
300
5802
4914
4304
9544
195
5110
3495
9570
9090
2617
2281
4984
3064
2348
9785
529
8576
5007
8078
4493
1155
1299
1522
3453
9302
8312
6960
3944
3744
2306
5830
8329
2190
2275
5168
3523
8113
6413
6793
8561
8533
2010
1878
1603
6474
1850
7396
2117
7912
4339
1916
3836
510
2156
6561
3327
9600
4768
8760
7949
8507
2668
9853
8559
6387
8918
5920
4445
2842
4061
6052
7332
8178
1339
9309
2056
4426
6884
9359
8380
3858
2709
5155
1788
9297
3584
6708
9693
2594
9729
6061
132
6437
2729
3909
8167
9378
9393
7174
741
6046
4155
5999
7771
7120
480
5172
7251
6609
8498
9846
1251
5159
8538
2070
3321
3029
2372
2374
9729
4160
3666
9806
4986
7081
2311
2723
6089
6343
8219
2277
524
2917
9344
9142
2472
5945
4468
8518
4565
782
4981
3932
614
6227
4007
9767
2778
8457
8655
8097
2921
3830
6600
7636
4202
4557
8054
3992
6988
9947
8063
6683
7753
7965
4352
5085
379
754
3641
64
926
4272
1861
6117
1822
2798
9742
8551
1787
8108
4236
7880
5958
8888
4333
797
2974
7436
1768
7440
6324
8250
4497
6606
9298
6099
258
3927
4083
2265
9555
7019
7037
3753
7728
3914
1203
3579
1860
6375
7142
508
3481
7420
6590
5968
3108
1832
9517
4296
4585
3020
6792
9473
4597
5958
4349
6605
26
8977
3029
4076
7898
8311
926
9888
358
4426
5828
7418
2522
1973
8158
3110
1030
7656
9813
6281
3266
1656
2942
2239
1894
6626
1405
8070
146
8167
944
8162
6853
4314
2259
8119
8416
105
7809
7263
2403
1144
1598
1288
8919
5735
45
8748
4066
4404
2356
2534
9022
2383
5487
7452
5703
566
3823
2970
8012
8846
6021
884
746
3315
9261
7746
7305
6952
5200
6818
6941
9934
6229
2233
9877
4718
2488
648
114
7080
1376
9971
3099
9968
870
9875
7787
6772
6105
5943
8894
1346
40
1513
6895
1566
4249
4715
980
4503
9234
406
2543
4069
1024
7704
8534
1537
1365
3951
5727
771
7565
4213
1561
5045
6342
2664
1802
1854
1927
7741
9863
3164
1436
9283
3339
236
8602
6858
7776
1142
4539
3240
6643
3139
3449
3088
1344
2628
4111
1271
3561
4577
5591
5872
5020
1752
760
3470
5821
4600
7036
7287
7512
1361
2562
7967
5304
3621
3650
4975
778
7258
9447
2047
1701
5857
5101
5728
2208
3129
5661
2886
5569
4855
7693
3498
9133
1491
6340
4682
3829
6426
6963
6049
3740
3825
6562
4963
3412
4271
8760
8139
2956
7641
3826
634
6375
3601
1533
1032
7980
3766
7912
7247
9345
8397
9952
7813
5214
9152
5776
677
1359
7983
5973
110
4816
4064
2453
4214
5317
1704
980
3695
7847
7095
3166
6032
3570
9654
9182
969
5167
5588
4200
1937
6502
2990
2274
5139
6623
7172
160
9742
9643
7594
86
5294
8027
2077
7821
4020
6094
5246
2648
181
3650
3061
5502
3590
1236
886
4307
6560
9819
6870
6748
9594
9455
51
8277
5874
3577
712
4985
8890
10
4791
4607
7742
1082
7312
7107
3701
341
971
7973
5294
7645
9287
9068
9649
4277
3807
4203
2406
9854
8590
1743
3835
5582
9807
8063
212
5458
3047
4628
646
5353
6089
5848
6880
9132
6792
8952
2459
8526
4674
7580
3972
1400
2465
7701
4027
4562
1230
4541
2125
9049
3254
6383
3201
6096
3987
6908
4831
1857
9171
4750
8609
6726
1708
6494
8485
8301
9451
2646
1152
8502
5599
3154
2796
5467
6297
4602
5003
8665
1643
4490
8950
5877
5044
8394
3526
1289
217
307
7234
5555
4260
8182
6157
9678
9606
4314
4196
2198
9700
5934
144
9373
5481
2569
4215
3017
2801
6929
1521
4572
3626
6722
6459
7589
3860
3929
1048
1494
527
8997
4928
3251
6579
7911
3180
2248
8223
8803
9950
5735
7554
883
5403
6240
8350
4926
1867
2
7230
969
7311
8436
29
2381
2286
9507
3997
1602
6521
7042
6618
662
2498
9037
1111
9050
820
2971
7232
8722
0
8139
4983
6178
7864
9227
903
756
8847
8706
8125
3812
257
5374
6408
4742
1227
2989
1288
7255
48
9523
6202
4899
5948
3781
5300
6216
990
8600
3466
8478
9401
6392
4336
4071
8811
2115
6668
6174
2434
2112
9952
6630
2891
4122
4811
8340
1083
6276
3817
5824
6789
590
7555
5882
7121
5874
9226
9253
4930
6734
5761
8680
2399
7922
3328
9743
1629
6375
8562
9020
2305
785
576
2534
1469
9646
8051
189
6757
3686
4564
7349
7933
9836
4677
1908
1228
9649
127
4678
8654
1909
4652
923
7699
9567
1492
3575
5713
9470
6959
5121
5278
2558
6944
3660
8840
901
9518
2609
9663
4305
5938
8731
7899
3383
2620
9869
8569
2380
4041
3616
3645
7243
8918
9809
3837
9910
7573
5852
143
889
9893
9881
4633
1765
1125
4409
500
1511
8061
7541
8194
1295
3825
7949
1652
7028
8763
1251
9054
9074
5858
1796
749
2957
9914
7323
3766
599
6780
3621
8776
7591
8961
922
8192
1730
5203
8623
8669
8411
6316
3091
3144
3810
6642
1926
7123
5727
5691
8867
5704
3554
545
7430
8686
8470
2378
2938
7234
3067
8318
9856
2059
5053
4936
43
7441
5961
6634
8046
9458
2023
2161
5711
9069
5974
2552
2437
8581
8223
2900
1288
6625
9397
3657
5959
7574
9176
4879
2132
3797
7664
782
5757
4791
6048
3152
5643
1039
3962
481
266
6872
8197
8787
583
1378
5501
77
8819
1687
2591
4328
3528
7810
5422
9015
7117
7762
8052
7089
4628
4653
7379
2409
4265
3544
1082
4973
4717
4921
3164
4926
9374
4347
6026
5618
6440
3118
3602
4998
5001
4266
5148
4811
5476
1734
136
9758
6863
5354
4736
9031
4256
3036
2591
3364
4544
6644
8612
5339
349
2179
14
6278
522
7765
7355
5461
8547
8405
396
5814
3580
8021
5435
6151
7100
7822
2811
7156
3310
262
7182
885
1907
3332
8823
2013
2610
4943
9746
6940
2208
900
3946
1928
2231
2504
7386
6832
1895
7088
7930
2866
4398
8170
7057
8967
1976
8255
5963
1233
1764
2581
2074
5523
4666
5643
8536
3378
1036
1847
7172
5839
6640
4235
7125
8445
8497
7477
7859
670
6586
1489
5135
8960
3199
7058
4135
2853
8731
7305
8108
7293
2258
8534
4274
6389
9410
982
3857
8054
5459
9107
7230
707
855
3024
3753
794
9664
629
2229
229
1205
7443
9579
3253
4297
499
6729
4815
9154
6763
4904
3526
1060
4164
6326
6116
5381
6104
1291
4962
7603
3397
3350
9683
9292
221
1851
9888
2820
9546
3402
9916
8510
4084
4775
7658
6380
4449
6959
2235
5629
4044
1861
4563
7839
6120
6066
2892
302
4392
9311
8227
4852
1091
863
4116
6837
1171
5398
5465
4194
7825
6340
2570
1756
3884
5856
5942
8958
2081
677
3314
2563
5142
4837
596
5793
9764
9477
8055
5965
2926
2750
1160
8867
6006
105
6834
6729
5687
4852
7031
5434
5618
3169
7790
2223
7310
5002
5274
5122
2708
3944
8535
1277
4820
5837
1490
5395
4938
3586
2500
8577
7745
6299
7220
6596
5957
5293
8193
5423
5149
8811
2708
3739
2579
2342
9262
9431
5503
1538
2298
4471
5782
3476
6852
2357
8871
6208
2832
6209
8605
2792
5261
671
4554
1218
4175
4556
7703
4188
3839
8306
3251
8824
8461
5564
2940
3602
339
4184
2358
2456
6683
4525
4937
8735
5841
4034
7995
9837
5404
6060
9245
2214
8992
3263
66
9912
1891
9895
3979
6412
125
339
6775
2782
5938
1404
3923
4549
3788
9474
8090
7636
4835
1929
4876
3850
956
6750
9037
9632
5180
9732
2703
5236
7932
7392
5022
5659
2559
1716
4191
5729
2052
4799
238
7514
6451
7288
7820
1492
4740
3113
1810
836
9257
7766
1778
3241
7572
7625
2766
8586
8724
5241
6151
3562
4392
863
1977
9712
6334
6489
2575
3765
8479
2821
3607
3697
250
6039
4816
8461
2927
5935
7110
4522
7541
4520
6943
5032
2402
1443
9854
9595
9273
7029
5770
8504
974
8767
4940
6053
970
7580
411
107
5970
7807
5912
8013
5570
6478
4933
7497
4182
828
7067
8987
2261
2770
7105
7831
9604
9586
6928
2182
4232
5824
2556
3915
7274
1544
4019
5133
9497
6261
122
1049
2262
2817
6246
7134
339
8160
3912
5010
3359
2151
9255
7540
3662
6888
9761
1995
1511
7128
3869
5805
1842
2120
1718
5658
745
6910
2553
4128
9222
7777
4992
6554
7435
1090
4942
617
5800
7480
2824
8696
2214
1654
2127
8199
9129
4966
1452
6289
8920
6925
9800
3666
5536
9602
2106
7215
3637
692
3885
369
640
4824
3351
8124
5039
4695
348
9560
8343
116
2249
671
6027
7555
6673
3987
2582
5773
7657
1378
6940
4400
9902
843
2587
1836
2352
8206
3386
7868
3762
1871
4229
8064
3037
966
6383
9580
59
5459
1344
8877
7585
8552
4886
778
8677
8720
2013
3865
6368
4742
7274
4420
7672
2964
8427
8463
7422
3045
6860
5158
2316
7746
6037
9211
2298
3489
2273
1213
7011
7131
9956
4166
8036
9491
7708
8753
7400
2687
2091
3722
1412
4413
3699
621
5607
6631
7732
8902
5698
7059
1060
2269
3789
9277
3734
8851
9278
7481
4901
2374
5501
1192
7584
6603
9877
2231
7429
4720
1845
63
1185
3688
2389
9295
2572
2474
9257
8336
581
8576
2730
6697
1014
4624
4006
2256
4139
4991
2653
4347
211
9909
6211
9188
822
8057
9222
6782
1022
2391
9963
1554
6271
3602
8283
5253
2796
6737
3482
8212
8490
2181
153
3107
4403
2027
4869
8751
9955
2240
3884
2173
5614
627
8663
8044
4321
7137
5211
435
5303
7496
5871
7445
2847
7250
3982
6261
4358
8779
3487
8671
3084
3026
9496
3418
2026
5855
7941
1559
5281
5838
9308
1724
77
2071
215
4422
3719
2044
700
9338
439
8887
5200
9982
2073
41
3044
924
3297
5167
4256
2676
8895
2948
2664
8046
892
9050
8556
62
8164
2073
7460
2351
3982
8547
3349
4495
2056
6127
2536
9125
9885
3442
978
8794
8847
9962
1766
8344
9464
4716
5575
236
2139
40
9385
8345
6648
5972
5266
652
484
5127
7097
9191
1531
8546
8730
6384
2598
4312
9094
203
4446
8320
4712
6117
2286
3830
4203
154
4298
6379
4622
6496
8429
9458
5663
2308
8162
9221
1640
8976
3864
6422
2367
4882
811
9710
2436
9717
7126
8092
2765
7709
7111
2007
3315
5051
1204
7802
5815
4755
127
5911
6440
9595
9804
3930
7369
5618
7757
5105
9405
5813
2722
2142
3099
6118
7966
7704
8205
1162
4395
2566
7930
9382
469
1207
220
168
7951
3835
6223
8053
8048
4282
5533
2140
3445
6756
5728
3927
6430
8945
3565
9921
968
4058
6937
884
2407
656
7009
926
6304
4430
2105
4746
3709
6453
5990
1337
9349
7781
1210
6377
2293
6819
3098
7416
9067
1768
9128
9956
1769
8687
6931
4468
5637
3362
5219
7498
6624
4297
5796
8722
8383
426
7845
6729
3281
3293
4036
3940
3278
3340
6769
5188
5714
8587
7610
778
6218
6041
1264
2792
6581
8999
7765
3234
8992
5041
4540
9950
7978
8738
8362
5992
2778
6494
6779
1784
2648
3803
8229
7136
3421
3056
6964
8252
1020
5947
2403
9432
1135
549
9641
2955
5048
5967
9999
6036
5011
9348
6791
2961
6424
5426
1712
2462
3588
1909
5145
8390
9493
5607
7219
5175
6755
5593
9175
1298
5346
3928
7531
1559
8696
8483
6418
1230
6190
6396
9192
7445
5568
8330
5832
3839
6965
1663
4921
7765
3550
8880
1272
5417
5807
5596
8006
3541
2921
1776
7269
9744
4111
7228
5891
881
4950
7853
9978
2488
7280
7926
4346
2436
7456
7951
8286
8388
8572
8540
2264
366
5597
9958
2172
2270
9504
305
217
7347
9411
1439
6922
5328
4444
6943
6542
3176
2272
7170
7021
8702
7159
375
1450
3421
3203
5535
4759
102
3217
8813
3645
4726
6988
8824
6494
8982
9253
6247
7297
645
6792
6059
9984
2982
3678
5152
9442
204
5194
8002
4165
6688
645
1138
7540
8408
7839
8895
5985
2280
4839
7993
5517
7774
4229
3986
1628
6930
8939
258
6354
5915
2813
7361
2011
2751
734
9992
4890
7035
2060
5787
1155
1074
6218
4052
5533
5361
8805
2082
8452
3102
2655
6417
3521
3642
9546
2621
2504
9486
2788
1734
616
7327
3173
2736
7976
1113
488
5132
9022
3705
7266
9
5014
4676
3265
5295
4426
5993
2649
6348
9892
7711
1982
6366
9739
2641
7200
9322
1283
206
914
4107
2765
4573
9902
4507
2183
1763
2987
7802
6684
9909
1083
9146
4846
5894
970
7188
7875
8533
5192
1912
744
6813
6234
6848
9388
6449
760
501
1740
836
5789
4486
7737
4128
579
126
4023
3595
4565
1936
2860
5860
33
7807
1437
4365
4215
3177
3653
5307
1725
3194
9774
2921
3415
845
1582
992
2473
3700
4289
4454
9276
7358
9414
536
6431
4905
3404
8477
1794
3696
5803
3947
7831
1393
5546
6897
5173
9284
7260
5168
6800
4005
295
6669
8849
825
7819
8875
7592
6432
4922
3972
2453
7704
3226
5212
1085
8136
4398
137
8304
5969
136
7535
3756
8961
3796
3594
6224
7843
831
7443
6642
6021
4800
6247
8622
9872
381
6691
4271
2458
3197
8442
2606
6209
4001
8423
665
7051
5207
2172
816
8171
3600
7347
2241
9387
8921
6011
9625
4077
1659
3862
470
3773
8309
5678
2161
4097
5891
4432
9230
9108
1899
8690
7575
4574
5666
1690
2632
6960
7566
8593
3505
5033
497
8214
2002
2328
2316
4192
5246
2287
1146
9129
7407
4842
3170
5714
6646
4424
2312
5685
7636
6116
8752
8569
6346
7745
5166
2800
2432
8434
4106
9075
6158
2149
7909
8292
5821
7246
4245
726
8095
8735
3011
3178
1975
2008
7756
3624
6108
3404
2240
7875
2702
3711
3865
9200
1939
2587
5168
1654
6082
9340
7975
9840
8439
1745
7680
7417
3479
2038
1705
8856
229
2482
3750
3432
192
9748
570
3252
2323
3787
9193
2582
9738
4897
1418
8138
8554
9373
9162
6364
1044
3030
1890
4589
5277
8794
6501
6169
4064
4414
519
7061
59
6342
6854
1576
7068
8136
940
6785
2701
790
3357
9820
9247
6448
4690
9897
9322
1931
248
6671
859
8864
9636
3681
6479
7169
1018
8218
623
6280
6663
4575
4809
6006
2496
3115
530
5540
5615
1922
4125
5057
9954
757
9489
8829
5859
9838
7576
3679
4702
687
9353
2532
5409
6433
9381
3659
2815
7843
1084
1931
8431
4904
9224
2025
4189
3306
2143
4538
5247
8356
7078
20
8674
1461
2810
8590
2350
9882
6466
6713
9190
1379
7540
4560
7905
225
7104
9660
8110
8965
2878
2353
5316
6203
171
6046
9367
7935
6759
5603
9461
4545
140
9366
6892
7451
5106
892
4850
3001
4366
4643
4554
9542
5624
3884
4020
7138
9000
3605
3794
1686
280
7003
6273
4787
4516
6458
9908
8532
4690
5725
5428
6543
5079
5191
4227
3044
2122
4062
5013
1701
824
9401
5914
9072
9162
5907
7578
3340
2498
7941
8888
311
6833
8140
2839
8919
8485
3599
1192
4957
1922
6631
5010
4846
3737
5391
1770
9675
2094
4861
2254
5157
956
4629
3843
1336
9686
9064
690
9298
5999
8554
8331
7641
6382
108
4212
7157
3004
9369
1444
6402
6621
3081
5704
929
6748
8113
8740
2996
4321
2491
3135
8868
8122
5783
5806
9938
4435
9030
9175
5737
4073
3169
8061
8375
3643
5242
894
7809
1929
1207
1556
4765
2541
3289
8288
3840
1921
3873
9847
1655
6146
5062
7813
8888
4414
5348
4117
3428
1866
4348
9294
9451
1505
2409
6478
1717
9572
1174
4998
8092
2189
9119
2060
1293
4143
159
8138
2093
9226
7562
5783
1355
6321
681
711
5192
34
2060
9862
2085
9862
3955
7039
1597
7980
7961
6564
1302
4147
3123
9092
9635
6139
3837
7258
2236
8873
175
8096
2391
3058
6106
4118
2536
5106
3171
4514
5982
4842
2705
4018
7520
6211
4333
2410
5635
1553
9922
2061
5445
8293
7079
2657
1413
6069
2467
1117
9722
4122
7752
141
8437
2354
9055
1496
9873
1925
7056
3044
7594
3604
7423
8097
2068
9162
7175
5586
1478
9143
7336
1484
4005
9332
4878
3739
7850
3212
8145
1960
2425
9062
9036
7171
1491
7947
213
10
7517
551
6825
2154
9300
9466
7446
3920
3191
4254
6192
1506
5928
53
8290
481
2269
8655
7998
1046
5582
3835
4876
5250
3844
9647
6470
1546
417
6003
1539
7608
7218
2299
9567
398
190
8306
812
951
5164
7573
136
344
7498
5571
3378
9487
1397
2838
6881
2364
3244
5116
7912
2682
4020
7626
1491
4223
3981
8407
8159
9492
3166
3538
6855
3530
7845
6290
7364
1859
7921
331
6811
5210
7056
5954
8965
5704
8166
1652
6373
8448
1418
1562
1646
5870
1464
3415
7223
3210
7743
3642
6266
6505
4998
2206
7214
3257
2981
4648
6149
7569
4128
4275
8597
931
8722
2482
7090
8429
9174
317
6837
8584
7643
7120
9686
7782
1200
2385
6117
2883
3516
4289
5834
6246
3376
1617
5354
994
2695
2491
7901
6949
9726
8446
3336
750
7696
2479
8602
9703
1906
2543
5923
4639
9371
8231
4725
3048
5046
4190
606
2767
1957
1142
7010
3614
3189
209
1101
1429
4005
6584
7517
7408
4942
3349
5349
862
4953
7553
6001
2867
9616
9212
2772
1242
2202
3766
1516
416
2105
7106
8186
8950
1259
6110
1020
4818
8750
36
2052
2957
2628
5776
550
2777
8146
4166
2462
7126
782
9655
2523
5961
9606
7271
3999
4729
2444
9968
7805
6519
3063
1880
9397
8886
8697
6170
421
6123
4046
6482
5005
7306
9741
7284
9202
4551
1557
9279
6817
7633
1796
156
9480
4810
8581
1385
5190
5308
2843
9034
9621
6854
6081
5569
7572
6402
966
652
9731
9167
6497
6405
5603
8655
5316
7390
8262
9983
9451
69
3314
5827
6001
3814
5258
5162
5360
140
9841
5954
8229
4159
3990
9847
4605
6571
845
6290
6564
72
8147
3602
8980
2168
4208
9066
3935
1613
7595
7429
4486
7117
5656
8014
5035
1112
2678
8755
5484
3645
2217
4172
4442
9085
3070
411
1509
7287
4804
2003
91
7939
2189
5530
4286
4778
9766
127
4306
5660
2893
6353
2866
7946
6478
2899
2621
313
2228
3261
8401
8902
2654
2039
8926
6950
4366
8555
2320
3970
7878
735
892
2170
9513
8027
660
930
5805
8175
9010
2517
426
6559
8790
2390
480
6749
7743
9730
5963
1675
9047
7713
2013
206
953
7111
2940
4815
3932
9460
1167
831
5882
6939
2351
9269
369
9569
3097
9834
6690
5918
1844
5277
8039
8909
2138
3726
3531
858
776
318
7497
2779
6162
3784
6758
7574
5485
7179
5577
4795
6099
8194
7080
8585
2137
241
5418
9480
2365
2644
4127
749
1267
8920
5376
6112
3552
9509
5220
3259
8916
9440
2248
9678
3134
6239
6237
3548
3018
4057
758
8885
3673
2744
1695
8759
9299
8121
3869
7011
5693
1270
9998
6212
2322
6651
6070
1477
5032
5221
7768
998
2553
6984
8860
7388
704
460
1766
7693
2930
8415
3093
9087
9062
8819
1382
7386
3839
7817
822
1310
9744
5663
8197
5405
8156
3270
4848
7106
2826
8245
9477
7430
7017
2568
1253
820
8227
3510
4039
7137
9068
1286
1086
3902
9968
1261
1407
9738
2925
9724
7051
3448
837
4303
4646
5393
5081
4273
2389
9070
8523
1721
3912
8363
7345
4874
4467
334
5561
329
9343
5079
2489
4633
9600
1703
2899
2691
9134
9463
2072
5379
436
8271
7781
9846
3357
1732
7891
2027
8084
8753
1874
5011
2808
2524
7102
7745
5230
9049
8906
1245
9011
9710
6565
1707
7725
581
1532
4482
2594
6651
8072
1663
5499
9927
6352
5907
7113
3874
2962
3475
4789
624
2854
4272
9100
6838
2224
98
727
7790
5520
5261
2077
8057
5579
3519
2484
6919
7478
4975
7953
4166
8627
8248
2130
2887
3569
6615
9219
5618
9953
885
3323
1817
1959
6120
502
8732
9612
5385
5755
7557
1043
8911
1826
5938
5798
5874
1485
9824
6232
5258
4440
6447
265
3927
1403
7838
5075
9502
4525
1898
2876
6881
5238
1314
5008
3677
7552
6414
6131
7784
5872
2410
446
8511
2849
5316
6109
4388
698
534
5731
1451
5266
6052
590
9144
1213
36
1878
470
5956
6360
1325
8529
6872
4729
1318
4414
6232
2671
4320
3410
7570
6010
4414
8983
2401
9279
749
6016
8749
6292
7877
7821
6984
3969
1039
1740
7308
2368
3346
4451
5602
7698
8035
8658
9701
1188
3713
2531
9940
8602
3233
4469
3763
5471
4498
2494
6618
8920
7681
2378
4748
9741
3586
1328
4260
9687
8517
5859
4709
5850
437
3013
7367
6076
2036
5920
6802
4316
5303
5901
7720
400
9769
3272
3329
3755
8179
3099
5880
7481
7694
1903
9717
9837
1463
4219
8986
2723
7603
3397
8104
5465
6141
5441
7771
7867
8068
2131
4794
9995
2887
3218
9576
7126
9044
3520
9733
7556
6026
7452
9592
7560
514
1648
4615
7441
935
7092
6858
437
6563
1386
6960
470
840
608
983
4437
2708
8139
5588
6768
9204
5472
5983
2371
7932
3159
7993
3642
7742
6437
9615
7318
7332
9347
6335
7571
4325
4457
4343
6695
9625
6814
5757
4308
5105
847
5023
980
8997
5344
8664
5235
5035
3708
2355
7247
9127
8936
7017
6340
4570
1725
6096
721
4933
6037
5163
5246
4954
7010
2431
7906
3494
1583
28
4310
3267
1450
4760
640
1085
4729
8749
7608
9076
8015
4795
5806
9261
2121
4273
5736
8370
7271
1968
6186
8568
5864
5346
9067
7579
5596
1586
3920
1889
9683
4828
4633
9719
2343
8872
583
1472
2180
6523
4127
6643
1528
2841
892
6839
6575
6440
747
4157
2637
3170
1110
2972
5033
2066
9327
4457
7186
5964
8072
9486
871
4461
5467
7549
1609
1353
7455
64
961
2625
5595
4691
2860
2305
326
485
9495
1847
6843
2111
4758
485
8803
6032
2480
7049
1883
6516
9048
6416
6528
2564
8505
8895
2191
8135
1673
2530
9461
7171
8668
4049
5521
8415
5002
9515
3812
6250
2322
2278
9629
3307
8468
797
7724
3844
578
6687
1482
8692
3819
8188
3747
390
260
3603
6344
2347
8343
2492
7710
6801
3709
2421
2527
870
2495
2020
233
5128
9697
948
1973
6093
4661
1498
5139
6315
2805
1047
5451
9303
5565
1753
774
6417
41
7701
288
9509
3357
7589
5937
2513
396
4478
4621
6762
9675
3892
3077
8319
5109
6911
9834
9410
3115
1272
3025
2520
1499
2385
7626
6574
6083
1928
7877
1188
7121
1134
1433
8422
9170
8051
9393
401
8728
4696
747
468
1169
568
2675
7982
6525
2269
5937
6850
7582
550
3906
1365
9913
6531
557
2244
6835
4270
8893
4648
9688
6931
3471
2638
9324
3635
6466
345
6416
1141
2369
1457
9139
6574
8178
7291
9443
5223
3506
9263
2036
9618
1438
8440
5576
5716
5262
951
3436
4998
7483
50
1836
7551
7340
1044
951
2704
670
9038
4109
1568
4773
7602
9413
2298
5094
951
4142
6132
7927
4268
1200
1057
1403
5376
4135
5449
1149
6741
9169
4794
3828
2213
740
8073
7706
150
9044
7857
3669
3371
8927
1558
7492
2623
5814
5018
4400
9196
9661
1262
5371
6319
966
4214
2554
2089
6148
6120
8750
7557
2938
8520
3560
6105
8754
3799
9672
5687
8536
7959
292
6032
4066
1956
2974
1057
981
528
956
9864
7848
7146
4368
5544
112
5158
1027
309
9621
2201
8159
3142
3454
2359
9989
6125
4562
2152
6243
524
6646
6910
6185
8265
6742
7436
4821
2577
1050
3615
5429
4418
1405
2252
5774
6903
1129
1924
1394
1695
8717
8791
7257
6857
7986
1303
1162
4465
1339
5889
3604
7050
8775
1193
2591
377
1873
11
9724
7378
4294
7562
2724
7774
5394
8117
9565
7521
5138
5383
8895
9281
4510
4702
3859
316
7980
3310
1972
6799
6729
3043
8561
2211
5544
4038
7155
736
9177
3066
9202
9324
6889
6131
5820
6712
8770
1659
5477
9872
7772
3870
8276
3167
881
5302
8222
5484
3585
7787
684
8390
4722
8582
4573
2401
1014
1649
7945
7468
5419
4640
1361
2064
9650
5705
4247
319
8383
929
6842
4319
3425
2263
270
1970
2388
6244
5941
8723
2442
9770
9972
4875
1770
3576
5414
2965
7048
7479
959
6337
6908
3706
1662
816
6869
936
8177
3921
6071
5975
8369
1775
8774
7057
9154
7800
7930
3728
2793
2948
5321
3861
2355
4288
9917
4328
5265
4697
1595
7268
2456
6951
5802
5171
1222
8112
8154
9973
9134
9081
6510
593
9840
207
8179
2970
5611
6857
6852
86
7699
4060
432
3699
1641
2210
4346
9437
1089
4583
7369
7670
6242
457
9800
4677
3936
3217
3025
9918
6129
7014
2213
6390
4841
8396
8088
6238
6449
3140
1930
3835
3218
7467
514
6064
7476
5496
6518
2178
5157
8127
3582
7469
6476
9004
6944
2106
799
5809
3837
8463
2407
3848
4757
5307
7697
8189
6192
8812
2467
5847
2536
9691
2007
8025
994
4873
3467
4285
3862
1331
699
2171
9653
2484
1448
2830
6065
808
4426
2349
6053
173
9244
9311
1463
783
1938
3985
2623
7403
6195
1835
8111
5233
4236
8325
4647
2370
4708
7001
9721
9389
7661
9498
7441
5900
261
185
701
8983
9655
3132
2835
8626
2934
7576
1684
4716
7193
4276
546
5687
1107
7984
2111
2678
8148
9197
4693
4290
7947
6813
9912
1165
5423
9476
1427
4888
853
563
9206
4405
8010
7340
8186
1062
6887
1581
5645
6199
9571
3333
8147
3445
7385
3964
7187
8508
7391
2911
1068
4992
6617
2957
978
9789
7940
2737
7865
8933
9324
8468
2801
1684
8366
1961
5705
1301
3088
7420
9340
9130
4579
3232
7554
8883
8334
8450
625
7362
1167
9453
7488
6839
4367
1728
7909
3158
4724
9656
777
366
1860
5783
145
4748
5115
6306
243
9936
399
2679
4288
877
3678
5747
746
5053
8081
8910
4637
969
2702
4893
4500
7709
5524
5061
8959
150
6920
272
9529
3159
2189
2681
760
6886
2444
8351
4569
4601
419
2556
3833
5806
9870
5507
3968
1360
5832
7509
71
3873
8898
8659
2549
7288
702
385
9610
1189
2568
2237
4540
9466
8661
9497
6181
1816
1238
7197
5781
5897
4567
4901
2582
852
7174
4989
2772
4453
9303
3717
5038
4071
7891
3425
3617
499
2713
5441
9420
8541
8469
8694
7523
3510
4091
5165
1776
2072
2439
5411
5440
834
7805
9753
5151
6833
2040
2724
7479
2364
9849
8995
6419
3054
9848
3322
8485
3247
260
5480
8738
7741
6426
4725
7656
5258
551
339
5762
504
9478
7297
8493
7785
7611
125
7934
2673
7947
4227
2020
7291
2993
5809
858
2661
5230
8423
6079
9907
5020
7881
4931
6904
2173
1669
938
6819
7473
7989
9748
564
4448
5671
2840
853
4879
640
7607
6801
9165
4702
8718
9258
8477
231
6643
2763
3532
9989
4514
1886
5853
8493
1892
1665
6956
1518
6738
7854
7897
7747
3102
3010
5887
2902
1876
7408
6150
2222
3764
6341
1086
3273
2876
7487
459
2143
2604
2491
2597
7081
7383
6174
603
29
6919
8248
9559
7147
6347
894
5612
3719
7293
8744
1826
1129
1804
5794
6500
4717
7761
2654
236
5751
8457
1298
3375
6638
4390
2757
9511
5599
8955
4367
7471
791
8716
2853
6694
7409
3592
8191
4354
3060
3906
813
3749
8916
9785
2080
1859
8886
4685
2087
9181
6565
1483
1451
5042
5807
693
5888
7954
9952
7151
9569
1528
6983
9401
7486
7819
6134
1388
3746
1228
5820
560
9903
2617
7739
5173
1315
7100
7748
3043
9701
6795
6414
4792
8463
1893
5310
36
7079
574
9614
489
5838
6767
4841
3152
2871
8471
6975
1139
240
8532
4083
9700
207
7105
9458
3065
3374
9080
8730
6218
6151
7165
7731
9018
5929
6695
5726
1770
4459
3229
9277
4106
4961
6816
1531
8197
6485
7059
7174
4113
9247
8745
673
8633
6732
7327
8887
2948
2015
2923
3598
1184
8509
7018
8882
7194
1582
3115
6339
5667
6573
1351
3588
8254
2950
8255
6219
2466
9019
5159
2433
1414
3525
7862
7206
4520
9116
1194
6622
3540
2965
4263
6620
9822
8119
3022
9041
1606
6449
7017
3057
4499
666
7685
9026
6199
2707
2439
4339
9808
2219
7430
8407
2206
6778
8891
8834
4698
1928
320
1537
346
8216
7238
2313
6750
4667
5848
6046
9633
2737
6268
5693
7026
833
9414
251
2365
2530
7868
6998
6845
594
5574
5835
1826
5496
2284
1296
3866
9289
5510
1728
7643
4871
2570
6923
4884
6777
7109
9820
32
419
7246
8097
7273
3397
4331
2916
3644
4982
2662
3704
2679
3794
1914
9277
9247
4023
9984
9268
6197
5184
5528
2711
1740
2847
4516
3329
1546
1593
5996
1886
9290
7408
5694
1271
7088
6500
5275
6400
7216
2540
4900
7068
4922
4519
1315
3558
3902
9815
1221
3163
8939
4505
2172
9869
6621
3527
2155
2508
1029
6037
2304
9772
5095
439
6582
9991
383
6530
4517
6627
488
7775
409
6967
1446
7914
3348
8531
2785
3285
7395
7021
1377
5904
9565
6762
4522
5387
2818
2430
7138
5701
5777
3668
1240
7752
4015
8517
7649
2108
4949
8701
6802
3071
9417
9765
7831
914
4113
9410
2763
1463
7512
3809
5228
8688
3745
3462
2875
4923
361
7614
1375
8712
7864
5397
5706
2189
2755
1752
5536
593
4700
159
2398
1039
369
3103
2712
1324
6413
3452
5975
6811
337
2235
279
7539
4870
2746
1634
6841
9918
1385
8225
728
1243
1509
3906
7745
3178
3005
1280
7664
4712
5128
1969
5499
5557
6624
5432
7592
1398
5845
3486
8774
4956
8252
4810
8000
4487
1884
7223
10
3891
8069
8560
4355
1657
2450
477
6185
4941
8263
2395
5644
2465
7855
6715
7846
1959
9518
297
6855
3406
2761
6183
2406
3271
1381
5747
4971
7671
4898
5043
3568
6743
9862
4015
2381
3200
3972
9115
1973
5211
9049
6985
9545
8009
8214
1059
2351
9070
9733
8962
4669
8864
8119
950
7550
6789
6004
7940
5545
84
4584
2499
1494
5210
180
38
5114
5461
9577
5391
642
45
4163
8199
3899
5924
2559
695
5013
8049
5008
6697
242
9220
3109
5218
7621
2975
2857
4774
2834
4151
6492
9545
9430
4926
1996
1628
2007
3256
165
9516
492
4241
758
7251
436
8066
1240
14
7521
6509
4501
2366
6819
696
4435
7593
4413
6461
3587
6625
1901
4788
3056
1602
1538
1448
3236
1295
9806
6803
8976
218
8961
4165
9465
7871
4375
1011
9933
3106
4357
94
7961
1674
9531
2119
4186
9999
92
3644
9014
5048
2394
369
6439
6355
2679
7256
2945
1685
409
7006
9531
3056
257
598
9917
901
3746
2184
7918
4699
4916
168
9933
3202
9007
4823
1574
4409
6325
9466
7570
6029
252
2445
9302
589
8109
7727
8105
4489
3684
2499
2753
3378
8327
8533
8205
4855
3934
4389
7871
4910
1951
9322
293
3725
6813
4844
1870
9157
8761
4282
3634
9347
5129
3979
6213
2632
1696
4636
4556
3093
5038
2800
1913
7125
6088
1625
1842
9451
4605
2277
3471
9942
7649
6344
7779
8765
9059
623
1039
2149
6311
5277
233
343
1403
6104
1093
6702
4822
400
8621
23
918
3402
6965
5548
66
8467
7295
8210
934
8498
7913
9197
8494
8754
36
5052
9085
2571
7713
4426
3085
3003
7358
9456
9860
5376
959
8957
4077
5241
8810
7426
3910
453
8790
471
538
4606
7761
4866
1211
1078
6768
6540
3933
601
8235
163
8270
220
3507
716
2946
7277
6722
5466
8141
4407
2844
1883
4917
3929
485
4449
9924
3850
9018
4241
1540
7405
7582
7949
2066
6795
9030
8584
4173
2662
652
8347
6246
548
3344
9204
4868
3031
1583
2574
1377
4903
1281
9590
2278
2843
673
9891
8840
7347
4527
4351
5222
8584
7038
5686
1267
7387
2068
3131
5495
5831
2219
2854
2299
4679
1429
3934
2804
2240
3595
6812
2191
4721
8360
7720
188
5204
1562
8031
5157
5101
628
4967
8662
2202
6193
1865
6134
7651
8443
3509
8976
1131
4807
1403
6834
5497
2863
8824
7329
9074
227
1821
9351
5535
170
3168
4496
8873
6139
8972
2252
7975
1848
1771
8430
3952
4605
8826
2268
1702
6271
9435
5418
1551
3119
2152
1373
3153
8749
527
1337
8912
4934
4121
2310
8342
4769
5636
5026
5733
7232
8499
8140
4937
4320
7360
5760
1649
3404
3033
447
5036
9671
8251
599
1374
8253
2146
7373
7165
2599
61
1837
8754
2733
1891
6135
5919
6429
9712
7151
4504
5519
6444
585
3040
8155
2569
2489
6271
9619
2251
5869
2782
6516
7588
1642
5948
1681
6917
5368
2989
7487
9941
3381
6946
654
7917
7511
9122
1016
5674
6115
5587
157
5273
5334
5499
5472
73
5186
3331
2265
6038
3345
8479
1717
1803
2864
9296
8783
166
1811
3717
6962
2979
2839
3971
7927
3994
7331
8765
6872
8819
3661
4890
8107
7050
7286
2263
2744
6912
63
7076
9105
9890
8131
4673
543
290
7143
8081
4083
5566
8953
8021
2551
3468
820
7474
8116
263
3928
5102
4170
2844
2615
187
720
561
3974
426
4938
2062
3263
1179
4937
6227
6022
3194
9129
6923
9303
7179
1943
315
1398
5014
3446
5838
9857
8364
6400
6404
7273
6961
4248
2450
336
4054
5444
9417
384
5783
6774
9519
5504
6877
642
9610
2494
4759
6440
2217
708
7526
7352
3471
4149
4883
1941
4015
7304
7779
3246
6832
4887
8953
2308
913
9119
7107
1550
8018
2465
4151
7670
9660
1855
7510
6742
6497
7940
8346
2703
8962
8476
7704
9204
4624
8577
356
7470
8098
585
4937
7172
1281
6870
5528
6794
9511
2990
4013
5902
5062
7103
9930
1228
2464
1851
9408
560
3533
2139
4638
4333
1744
6772
7910
8517
9725
7735
9205
1778
1204
9529
6205
5515
2868
4563
7218
709
2802
9142
1337
5618
8555
2407
6284
5692
1864
9802
5968
5033
8549
6753
6692
4590
2281
7256
4371
5380
1879
8320
9902
7878
5438
3230
5761
4957
9285
5670
4969
7373
4672
9550
377
7944
3937
6420
5486
528
8550
9559
9321
7820
935
8191
7706
6253
4748
6411
8655
4754
7160
7312
3048
3071
9000
6519
724
3202
9225
3192
1409
5475
7259
5816
6932
5501
3459
5658
3273
2247
1830
6887
4731
5789
6535
2776
1240
6622
2070
8928
2157
116
776
742
1391
7899
7293
5744
6450
1232
3726
1236
6210
3466
7676
8931
9920
7073
5990
8177
3440
1004
6500
2293
2893
9260
6297
358
1692
7097
1753
8792
187
4371
7628
7904
9200
8848
6652
7507
4209
8959
5006
5551
5406
3584
2643
7871
1033
855
7347
6485
7602
2463
1084
1757
4041
997
3461
7100
6538
1764
358
7038
5036
3614
4049
1158
2472
8101
3574
1516
89
6741
6391
3446
3471
4863
9359
6363
7395
6203
5763
4923
2490
9197
1305
8755
8437
8658
4027
4494
3652
2120
832
2652
9933
6708
7827
6415
336
7888
1085
7086
6036
2751
5806
6164
1698
2647
6600
9274
6356
1803
1990
8238
709
7496
3269
228
4235
4540
2243
5698
7940
8286
2030
3903
8526
7864
8835
5481
2336
4774
8378
6439
8622
7767
4209
4744
1925
2821
4612
7436
258
9467
3034
4103
9909
8536
3545
1109
1928
2164
2097
2789
9543
2925
3614
6921
2192
9064
9736
8692
4230
4424
4770
2911
6529
8272
2709
9736
7922
9362
2647
7556
9396
100
199
6748
4128
7881
5452
8584
5871
6686
7516
1928
8579
3614
9111
4906
3197
6420
6031
1030
5619
5808
8952
7033
8377
1170
2654
8982
6743
9879
6973
7237
1434
9884
1196
9363
1805
1776
1843
9148
9508
2972
1971
1095
4076
462
2866
1379
694
2646
6139
4378
6839
2382
3418
8993
4380
9933
1607
9171
6564
920
3849
6418
7976
8212
4101
7288
4290
7595
8007
494
4628
8121
5713
7300
5271
9044
7924
6546
2378
3559
31
8604
6158
9056
9450
5196
9709
6308
2808
7791
3077
4967
9367
3117
5280
8183
2897
297
1587
8911
4524
4123
4229
1764
1902
4814
8177
884
6100
7893
1181
9064
7387
1734
9897
1265
934
94
3999
6329
8299
5559
4049
5088
6326
7001
7085
6463
3656
5580
1366
8574
1836
3665
9251
7396
1276
4915
6277
5972
1793
7190
2921
7599
8645
4656
7119
6948
4716
1406
1147
5978
1722
7041
4454
3828
3163
7397
6375
1220
4381
3309
9307
5197
6542
7808
917
4272
2144
6013
7349
1440
7118
3885
6310
4680
3110
8690
2482
6674
4154
5854
6399
8625
2804
3986
8554
2712
9454
1592
3071
7010
6702
4494
5129
4353
655
9460
1331
6566
2772
4492
4111
2438
3332
9272
5401
5368
3153
2782
884
7396
5699
264
9029
5605
4697
4960
640
3368
6933
4847
3086
9112
2320
3545
3449
8094
1542
2520
7951
3095
8200
6120
6419
293
5037
7269
2282
2676
3299
4388
4715
9960
5115
6643
7967
2361
3207
7257
2221
778
7469
1815
9547
157
6860
5924
2066
6743
4457
9002
8205
3313
7922
5222
2084
2809
6791
1075
3694
5133
3980
1636
1624
3155
2758
7629
8280
9578
5823
7954
3596
5819
4565
5134
2395
3679
401
8864
1675
6252
4328
7163
9413
7183
4704
618
3576
1616
6573
2625
4725
7059
397
6949
5631
5835
3976
6123
3660
1024
4739
173
5851
5492
7413
3878
4658
1685
3003
9629
7465
1850
8847
5654
7415
2465
4373
8941
96
4221
1694
6674
1341
8215
4083
1180
2203
426
1235
2789
3318
1853
6410
1826
5156
7006
9766
2151
8806
2968
6046
2187
8238
8300
874
6888
7389
6686
1356
8169
8526
8061
1358
3116
6798
1958
2666
305
3568
126
501
201
2181
4957
447
7906
7292
4943
6508
7620
7751
5200
8080
7140
6242
2711
603
5989
7919
1428
1655
2381
4769
2595
8141
3110
2475
5512
4830
5625
7970
7366
2565
8209
7669
1922
6659
408
3255
1128
3999
5604
4648
8471
3237
216
8009
8258
1965
4786
1279
6981
4848
9592
7770
4124
6230
596
211
8860
9914
3399
4018
5433
6146
1841
7771
8233
1821
8505
1065
7566
9753
9436
1594
7470
2750
539
2849
8438
1363
2305
3287
9110
4879
8307
3713
1133
9774
4496
3911
5774
8813
4952
9322
6162
3880
4054
4641
5494
930
4831
8068
9454
2542
8785
5838
5358
775
1314
3123
9249
7564
5520
1162
4249
6280
3204
2828
5119
9164
1865
3195
291
1321
6567
9144
8180
4358
5355
2011
5802
2669
4581
4656
8376
2519
357
8966
837
3779
2661
7490
6164
6911
3931
903
3521
3883
9184
3983
4913
8011
527
9661
6442
1908
1934
3266
8823
9473
8876
7566
385
7788
5858
4765
9064
6277
9715
3676
8364
4543
2627
1758
291
5108
7932
9565
7879
9465
9898
2676
878
9161
9599
378
67
1239
5877
2627
6578
4883
917
2033
1368
3346
1246
9957
5510
2064
2896
576
430
8095
2655
3195
6945
4814
1618
2969
8290
323
2406
1488
2915
9377
3295
6805
3413
7232
5800
9638
3361
6066
9869
7344
5560
4006
4933
8897
1091
6056
7551
7863
817
4445
6176
1948
4528
4697
9875
1701
6560
3022
1581
1552
6581
6421
2627
404
2172
7617
854
597
3101
2869
2674
1231
8904
8613
2693
4228
1542
4649
7643
4831
1074
7262
3958
2778
4922
6334
6852
9013
7169
6793
377
665
343
6391
4739
6758
1082
6216
1224
5276
9970
7177
8342
8887
4867
6358
7119
4176
4486
2866
1868
5793
7732
7307
5770
5167
7017
1420
9483
2817
3954
6285
5732
2791
468
753
9783
5636
4883
686
6361
6737
565
4522
9862
3656
4585
4447
2229
6195
8189
5498
9100
5143
2629
7065
9901
3544
5950
8714
3916
5524
145
5206
3627
4865
1754
4697
5366
3506
1196
7362
3805
6247
3748
8091
4296
8388
6278
8555
8318
7732
2172
3886
7707
874
9990
9230
1727
9109
7982
5479
1525
5676
9886
9678
1417
8265
5818
3821
6776
4052
2175
3857
842
1384
6481
7956
4030
4206
827
1635
8200
2115
1332
6441
1004
7546
8454
3073
5067
1812
3724
9006
693
1423
9998
4952
4367
8886
6517
3931
9707
3900
2476
9840
1389
7067
6254
2890
4168
6664
8162
3694
431
8638
7434
7290
4226
